0,0,0,0,0,0,0,0,0,0,0,0,0,0,0,0,0,0,0,0,0,0,0,0,0,0,0,0,0,0,0,0,0,0,0,0,0,0,0,0,0,0,0,0,0,0,0,0,0,0,0,0,0,0,0,0,0,0,0,0,0,0,0,0,0,0,0,0,0,0,0,0,0,0,0,0,0,0,0,0,0,0,0,0,0,0,0,0,0,0,0,0,0,0,0,0,0,0,0,0,0,0,0,0,0,0,0,0,0,0,0,0,0,0,0,0,0,0,0,0,0,0,0,0,0,0,0,0,0,0,0,0,0,0,0,0,0,0,0,0,0,0,0,0,0,0,0,0,0,0,
0,0,0,0,0,0,0,0,0,0,0,0,0,0,0,0,0,0,0,0,0,0,0,0,0,0,0,0,0,0,0,0,0,0,0,0,0,0,0,0,0,0,0,0,0,0,0,0,0,0,0,0,0,0,0,0,0,0,0,0,0,0,0,0,0,0,0,0,0,0,0,0,0,0,0,0,0,0,0,0,0,0,0,0,0,0,0,0,0,0,0,0,0,0,0,0,0,0,0,0,0,0,0,0,0,0,0,0,0,0,0,0,0,0,0,0,0,0,0,0,0,0,0,0,0,0,0,0,0,0,0,0,0,0,0,0,0,0,0,0,0,0,0,0,0,0,0,0,0,0,
0,0,0,0,0,0,0,0,0,0,0,0,0,0,0,0,0,0,0,0,0,0,0,0,0,0,0,0,0,0,0,0,0,0,0,0,0,0,0,0,0,0,0,0,0,0,0,0,0,0,0,0,0,0,0,0,0,0,0,0,0,0,0,0,0,0,0,0,0,0,0,0,0,0,0,0,0,0,0,0,0,0,0,0,0,0,0,0,0,0,0,0,0,0,0,0,0,0,0,0,0,0,0,0,0,0,0,0,0,0,0,0,0,0,0,0,0,0,0,0,0,0,0,0,0,0,0,0,0,0,0,0,0,0,0,0,0,0,0,0,0,0,0,0,0,0,0,0,0,0,
0,0,0,0,0,0,0,0,0,0,0,0,0,0,0,0,0,0,0,0,0,0,0,0,0,0,0,0,0,0,0,0,0,0,0,0,0,0,0,0,0,0,0,0,0,0,0,0,0,0,0,0,0,0,0,0,0,0,0,0,0,0,0,0,0,0,0,0,0,0,0,0,0,0,0,0,0,0,0,0,0,0,0,0,0,0,0,0,0,0,0,0,0,0,0,0,0,0,0,0,0,0,0,0,0,0,0,0,0,0,0,0,0,0,0,0,0,0,0,0,0,0,0,0,0,0,0,0,0,0,0,0,0,0,0,0,0,0,0,0,0,0,0,0,0,0,0,0,0,0,
0,0,0,0,0,0,0,0,0,0,0,0,0,0,0,0,0,0,0,0,0,0,0,0,0,0,0,0,0,0,0,0,0,0,0,0,0,0,0,0,0,0,0,0,0,0,0,0,0,0,0,0,0,0,0,0,0,0,0,0,0,0,0,0,0,0,0,0,0,0,0,0,0,0,0,0,0,0,0,0,0,0,0,0,0,0,0,0,0,0,0,0,0,0,0,0,0,0,0,0,0,0,0,0,0,0,0,0,0,0,0,0,0,0,0,0,0,0,0,0,0,0,0,0,0,0,0,0,0,0,0,0,0,0,0,0,0,0,0,0,0,0,0,0,0,0,0,0,0,0,
0,0,0,0,0,0,0,0,0,0,0,0,0,0,0,0,0,0,0,0,0,0,0,0,0,0,0,0,0,0,0,0,0,0,0,0,0,0,0,0,0,0,0,0,0,0,0,0,0,0,0,0,0,0,0,0,0,0,0,0,0,0,0,0,0,0,0,0,0,0,0,0,0,0,0,0,0,0,0,0,0,0,0,0,0,0,0,0,0,0,0,0,0,0,0,0,0,0,0,0,0,0,0,0,0,0,0,0,0,0,0,0,0,0,0,0,0,0,0,0,0,0,0,0,0,0,0,0,0,0,0,0,0,0,0,0,0,0,0,0,0,0,0,0,0,0,0,0,0,0,
0,0,0,0,0,0,0,0,0,0,0,0,0,0,0,0,0,0,0,0,0,0,0,0,0,0,0,0,0,0,0,0,0,0,0,0,0,0,0,0,0,0,0,0,0,0,0,0,0,0,0,0,0,0,0,0,0,0,0,0,0,0,0,0,0,0,0,0,0,0,0,0,0,0,0,0,0,0,0,0,0,0,0,0,0,0,0,0,0,0,0,0,0,0,0,0,0,0,0,0,0,0,0,0,0,0,0,0,0,0,0,0,0,0,0,0,0,0,0,0,0,0,0,0,0,0,0,0,0,0,0,0,0,0,0,0,0,0,0,0,0,0,0,0,0,0,0,0,0,0,
0,0,0,0,0,0,0,0,0,0,0,0,0,0,0,0,0,0,0,0,0,0,0,0,0,0,0,0,0,0,0,0,0,0,0,0,0,0,0,0,0,0,0,0,0,0,0,0,0,0,0,0,0,0,0,0,0,0,0,0,0,0,0,0,0,0,0,0,0,0,0,0,0,0,0,0,0,0,0,0,0,0,0,0,0,0,0,0,0,0,0,0,0,0,0,0,0,0,0,0,0,0,0,0,0,0,0,0,0,0,0,0,0,0,0,0,0,0,0,0,0,0,0,0,0,0,0,0,0,0,0,0,0,0,0,0,0,0,0,0,0,0,0,0,0,0,0,0,0,0,
0,0,0,0,0,0,0,0,0,0,0,0,0,0,0,0,0,0,0,0,0,0,0,0,0,0,0,0,0,0,0,0,0,0,0,0,0,0,0,0,0,0,0,0,0,0,0,0,0,0,0,0,0,0,0,0,0,0,0,0,0,0,0,0,0,0,0,0,0,0,0,0,0,0,0,0,0,0,0,0,0,0,0,0,0,0,0,0,0,0,0,0,0,0,0,0,0,0,0,0,0,0,0,0,0,0,0,0,0,0,0,0,0,0,0,0,0,0,0,0,0,0,0,0,0,0,0,0,0,0,0,0,0,0,0,0,0,0,0,0,0,0,0,0,0,0,0,0,0,0,
0,0,0,0,0,0,0,0,0,0,0,0,0,0,0,0,0,0,0,0,0,0,0,0,0,0,0,0,0,0,0,0,0,0,0,0,0,0,0,0,0,0,0,0,0,0,0,0,0,0,0,0,0,0,0,0,0,0,0,0,0,0,0,0,0,0,0,0,0,0,0,0,0,0,0,0,0,0,0,0,0,0,0,0,0,0,0,0,0,0,0,0,0,0,0,0,0,0,0,0,0,0,0,0,0,0,0,0,0,0,0,0,0,0,0,0,0,0,0,0,0,0,0,0,0,0,0,0,0,0,0,0,0,0,0,0,0,0,0,0,0,0,0,0,0,0,0,0,0,0,
0,0,0,0,0,0,0,0,0,0,0,0,0,0,0,0,0,0,0,0,0,0,0,0,0,0,0,0,0,0,0,0,0,0,0,0,0,0,0,0,0,0,0,0,0,0,0,0,0,0,0,0,0,0,0,0,0,0,0,0,0,0,0,0,0,0,0,0,0,0,0,0,0,0,0,0,0,0,0,0,0,0,0,0,0,0,0,0,0,0,0,0,0,0,0,0,0,0,0,0,0,0,0,0,0,0,0,0,0,0,0,0,0,0,0,0,0,0,0,0,0,0,0,0,0,0,0,0,0,0,0,0,0,0,0,0,0,0,0,0,0,0,0,0,0,0,0,0,0,0,
0,0,0,0,0,0,0,0,0,0,0,0,0,0,0,0,0,0,0,0,0,0,0,0,0,0,0,0,0,0,0,0,0,0,0,0,0,0,0,0,0,0,0,0,0,0,0,0,0,0,0,0,0,0,0,0,0,0,0,0,0,0,0,0,0,0,0,0,0,0,0,0,0,0,0,0,0,0,0,0,0,0,0,0,0,0,0,0,0,0,0,0,0,0,0,0,0,0,0,0,0,0,0,0,0,0,0,0,0,0,0,0,0,0,0,0,0,0,0,0,0,0,0,0,0,0,0,0,0,0,0,0,0,0,0,0,0,0,0,0,0,0,0,0,0,0,0,0,0,0,
0,0,0,0,0,0,0,0,0,0,0,0,0,0,0,0,0,0,0,0,0,0,0,0,0,0,0,0,0,0,0,0,0,0,0,0,0,0,0,0,0,0,0,0,0,0,0,0,0,0,0,0,0,0,0,0,0,0,0,0,0,0,0,0,0,0,0,0,0,0,0,0,0,0,0,0,0,0,0,0,0,0,0,0,0,0,0,0,0,0,0,0,0,0,0,0,0,0,0,0,0,0,0,0,0,0,0,0,0,0,0,0,0,0,0,0,0,0,0,0,0,0,0,0,0,0,0,0,0,0,0,0,0,0,0,0,0,0,0,0,0,0,0,0,0,0,0,0,0,0,
0,0,0,0,0,0,0,0,0,0,0,0,0,0,0,0,0,0,0,0,0,0,0,0,0,0,0,0,0,0,0,0,0,0,0,0,0,0,0,0,0,0,0,0,0,0,0,0,0,0,0,0,0,0,0,0,0,0,0,0,0,0,0,0,0,0,0,0,0,0,0,0,0,0,0,0,0,0,0,0,0,0,0,0,0,0,0,0,0,0,0,0,0,0,0,0,0,0,0,0,0,0,0,0,0,0,0,0,0,0,0,0,0,0,0,0,0,0,0,0,0,0,0,0,0,0,0,0,0,0,0,0,0,0,0,0,0,0,0,0,0,0,0,0,0,0,0,0,0,0,
0,0,0,0,0,0,0,0,0,0,0,0,0,0,0,0,0,0,0,0,0,0,0,0,0,0,0,0,0,0,0,0,0,0,0,0,0,0,0,0,0,0,0,0,0,0,0,0,0,0,0,0,0,0,0,0,0,0,0,0,0,0,0,0,0,0,0,0,0,0,0,0,0,0,0,0,0,0,0,0,0,0,0,0,0,0,0,0,0,0,0,0,0,0,0,0,0,0,0,0,0,0,0,0,0,0,0,0,0,0,0,0,0,0,0,0,0,0,0,0,0,0,0,0,0,0,0,0,0,0,0,0,0,0,0,0,0,0,0,0,0,0,0,0,0,0,0,0,0,0,
0,0,0,0,0,0,0,0,0,0,0,0,0,0,0,0,0,0,0,0,0,0,0,0,0,0,0,0,0,0,0,0,0,0,0,0,0,0,0,0,0,0,0,0,0,0,0,0,0,0,0,0,0,0,0,0,0,0,0,0,0,0,0,0,0,0,0,0,0,0,0,0,0,0,0,0,0,0,0,0,0,0,0,0,0,0,0,0,0,0,0,0,0,0,0,0,0,0,0,0,0,0,0,0,0,0,0,0,0,0,0,0,0,0,0,0,0,0,0,0,0,0,0,0,0,0,0,0,0,0,0,0,0,0,0,0,0,0,0,0,0,0,0,0,0,0,0,0,0,0,
0,0,0,0,0,0,0,0,0,0,0,0,0,0,0,0,0,0,0,0,0,0,0,0,0,0,0,0,0,0,0,0,0,0,0,0,0,0,0,0,0,0,0,0,0,0,0,0,0,0,0,0,0,0,0,0,0,0,0,0,0,0,0,0,0,0,0,0,0,0,0,0,0,0,0,0,0,0,0,0,0,0,0,0,0,0,0,0,0,0,0,0,0,0,0,0,0,0,0,0,0,0,0,0,0,0,0,0,0,0,0,0,0,0,0,0,0,0,0,0,0,0,0,0,0,0,0,0,0,0,0,0,0,0,0,0,0,0,0,0,0,0,0,0,0,0,0,0,0,0,
0,0,0,0,0,0,0,0,0,0,0,0,0,0,0,0,0,0,0,0,0,0,0,0,0,0,0,0,0,0,0,0,0,0,0,0,0,0,0,0,0,0,0,0,0,0,0,0,0,0,0,0,0,0,0,0,0,0,0,0,0,0,0,0,0,0,0,0,0,0,0,0,0,0,0,0,0,0,0,0,0,0,0,0,0,0,0,0,0,0,0,0,0,0,0,0,0,0,0,0,0,0,0,0,0,0,0,0,0,0,0,0,0,0,0,0,0,0,0,0,0,0,0,0,0,0,0,0,0,0,0,0,0,0,0,0,0,0,0,0,0,0,0,0,0,0,0,0,0,0,
0,0,0,0,0,0,0,0,0,0,0,0,0,0,0,0,0,0,0,0,0,0,0,0,0,0,0,0,0,0,0,0,0,0,0,0,0,0,0,0,0,0,0,0,0,0,0,0,0,0,0,0,0,0,0,0,0,0,0,0,0,0,0,0,0,0,0,0,0,0,0,0,0,0,0,0,0,0,0,0,0,0,0,0,0,0,0,0,0,0,0,0,0,0,0,0,0,0,0,0,0,0,0,0,0,0,0,0,0,0,0,0,0,0,0,0,0,0,0,0,0,0,0,0,0,0,0,0,0,0,0,0,0,0,0,0,0,0,0,0,0,0,0,0,0,0,0,0,0,0,
0,0,0,0,0,0,0,0,0,0,0,0,0,0,0,0,0,0,0,0,0,0,0,0,0,0,0,0,0,0,0,0,0,0,0,0,0,0,0,0,0,0,0,0,0,0,0,0,0,0,0,0,0,0,0,0,0,0,0,0,0,0,0,0,0,0,0,0,0,0,0,0,0,0,0,0,0,0,0,0,0,0,0,0,0,0,0,0,0,0,0,0,0,0,0,0,0,0,0,0,0,0,0,0,0,0,0,0,0,0,0,0,0,0,0,0,0,0,0,0,0,0,0,0,0,0,0,0,0,0,0,0,0,0,0,0,0,0,0,0,0,0,0,0,0,0,0,0,0,0,
0,0,0,0,0,0,0,0,0,0,0,0,0,0,0,0,0,0,0,0,0,0,0,0,0,0,0,0,0,0,0,0,0,0,0,0,0,0,0,0,0,0,0,0,0,0,0,0,0,0,0,0,0,0,0,0,0,0,0,0,0,0,0,0,0,0,0,0,0,0,0,0,0,0,0,0,0,0,0,0,0,0,0,0,0,0,0,0,0,0,0,0,0,0,0,0,0,0,0,0,0,0,0,0,0,0,0,0,0,0,0,0,0,0,0,0,0,0,0,0,0,0,0,0,0,0,0,0,0,0,0,0,0,0,0,0,0,0,0,0,0,0,0,0,0,0,0,0,0,0,
0,0,0,0,0,0,0,0,0,0,0,0,0,0,0,0,0,0,0,0,0,0,0,0,0,0,0,0,0,0,0,0,0,0,0,0,0,0,0,0,0,0,0,0,0,0,0,12,46,12,0,0,0,0,0,0,0,0,0,0,0,0,0,12,0,12,0,0,0,0,0,0,0,0,0,0,0,0,0,0,0,0,0,0,0,0,12,0,0,0,0,0,0,0,0,0,0,0,0,0,0,0,0,0,0,0,0,0,0,0,0,0,0,0,0,0,0,0,0,0,0,0,0,0,0,0,0,0,0,0,0,0,0,0,0,0,0,0,0,0,0,0,0,0,0,0,0,0,0,0,
0,0,0,0,0,0,0,0,0,0,0,0,0,0,0,0,0,0,0,0,0,0,0,0,0,0,0,0,0,0,0,0,0,0,0,0,0,0,0,0,0,0,0,0,0,0,12,46,0,0,12,0,0,0,0,0,0,0,0,0,0,0,12,46,0,0,12,0,0,0,0,0,0,0,0,0,0,0,0,0,0,0,0,0,12,0,44,6,46,6,46,6,46,6,46,6,46,6,46,6,46,6,12,0,0,0,0,0,0,0,0,0,0,0,0,0,0,0,0,0,0,0,0,0,0,0,0,0,0,0,0,0,0,0,0,0,0,0,0,0,0,0,0,0,0,0,0,0,0,0,
0,0,0,0,0,0,0,0,0,0,0,0,0,0,0,0,0,0,0,0,0,0,0,0,0,0,0,0,0,0,0,0,0,0,0,0,0,0,0,0,0,0,0,0,0,46,50,51,1,51,0,0,0,0,0,0,0,0,0,0,0,46,50,51,1,51,0,0,0,0,0,0,0,0,12,16,12,0,0,0,0,0,0,0,0,44,47,0,0,0,0,0,0,0,0,0,0,0,0,0,0,27,27,0,0,12,0,12,0,0,0,0,0,0,0,0,0,0,0,0,0,0,0,0,0,0,0,0,0,0,0,0,0,0,0,0,0,0,0,0,0,0,0,0,0,0,0,0,0,0,
0,0,0,0,0,0,0,0,0,0,0,0,0,0,0,0,0,0,0,0,0,0,0,0,0,0,0,0,0,0,0,0,0,0,0,0,0,0,0,0,0,0,0,0,46,43,49,27,1,27,0,0,0,0,0,0,0,0,0,0,46,43,49,1,1,1,0,0,0,0,0,0,0,12,15,19,15,12,0,0,0,0,12,0,0,47,47,47,0,6,12,0,0,12,0,12,0,6,0,6,0,6,40,27,0,0,8,6,0,0,0,0,0,0,0,0,0,0,0,0,0,0,0,0,0,0,0,0,0,0,0,0,0,0,0,0,0,0,0,0,0,0,0,0,0,0,0,0,0,0,
0,0,0,0,0,0,0,0,0,0,0,0,0,0,0,0,0,0,0,0,0,0,0,0,0,0,0,0,0,0,0,0,0,0,0,0,0,0,0,0,0,0,0,12,50,49,47,47,1,47,47,0,0,12,0,0,0,0,0,12,50,49,47,47,1,47,47,0,0,12,0,0,12,15,92,1,92,15,12,0,0,0,0,0,27,27,40,27,6,0,0,0,8,0,1,0,8,0,0,0,6,47,47,47,47,0,6,44,0,0,0,0,0,0,0,0,0,0,0,0,0,0,0,0,0,0,0,0,0,0,0,0,0,0,0,0,0,0,0,0,0,0,0,0,0,0,0,0,0,0,
0,0,0,0,0,0,0,0,0,0,0,0,0,0,0,0,0,0,0,0,0,0,0,0,0,0,0,0,0,0,0,0,0,0,0,0,0,0,0,0,0,0,12,46,51,27,47,0,1,0,47,27,0,0,0,0,0,0,12,46,51,1,47,6,1,6,47,1,0,0,0,0,0,92,1,1,1,92,0,0,0,0,44,47,27,6,6,6,27,47,0,0,0,27,1,27,0,0,0,27,47,6,6,6,47,27,44,1,0,0,12,0,0,0,0,0,0,0,0,0,0,0,0,0,0,0,0,0,0,0,0,0,0,0,0,0,0,0,0,0,0,0,0,0,0,0,0,0,0,0,
0,0,0,0,0,0,0,0,0,0,0,0,0,0,0,0,0,0,0,0,0,0,0,0,0,0,0,0,0,0,0,0,0,0,0,0,0,0,0,0,0,0,46,0,1,1,1,1,44,1,1,1,1,0,0,0,1,0,0,0,1,1,1,1,44,1,1,1,1,0,0,0,0,1,1,17,1,1,0,0,0,44,47,47,40,6,40,40,40,1,1,1,1,1,1,1,1,1,1,1,47,40,40,6,47,40,27,1,1,0,6,0,0,0,0,0,0,0,0,0,0,0,0,0,0,0,0,0,0,0,0,0,0,0,0,0,0,0,0,0,0,0,0,0,0,0,0,0,0,0,
0,0,0,0,0,0,0,0,0,0,0,0,0,0,0,0,0,0,0,0,0,0,0,0,0,0,0,0,0,0,0,0,0,0,0,0,0,0,0,0,0,0,12,0,51,27,47,0,1,0,47,27,0,0,0,27,1,27,12,0,51,1,47,6,1,6,47,1,0,0,0,0,0,92,1,1,1,92,0,0,0,0,47,0,27,6,40,6,27,47,0,0,0,0,1,0,0,0,0,27,47,6,40,6,47,27,0,1,0,6,8,0,0,0,0,0,0,0,0,0,0,0,0,0,0,0,0,0,0,0,0,0,0,0,0,0,0,0,0,0,0,0,0,0,0,0,0,0,0,0,
0,0,0,0,0,0,0,0,0,0,0,0,0,0,0,0,0,0,0,0,0,0,0,0,0,0,0,0,0,0,0,0,0,0,0,0,0,0,0,0,0,0,0,12,0,0,47,47,1,47,47,29,0,0,27,27,1,27,27,12,0,0,47,47,1,47,47,29,0,0,0,0,0,15,92,1,92,14,0,0,0,0,0,0,6,27,40,27,27,0,0,0,27,27,1,27,27,0,0,0,47,47,47,47,6,0,0,0,0,0,0,0,0,0,0,0,0,0,0,0,0,0,0,0,0,0,0,0,0,0,0,0,0,0,0,0,0,0,0,0,0,0,0,0,0,0,0,0,0,0,
0,0,0,0,0,0,0,0,0,0,0,0,0,0,0,0,0,0,0,0,0,0,0,0,0,0,0,0,0,0,0,0,0,0,0,0,0,0,0,0,0,0,0,0,0,0,0,27,1,27,29,29,0,27,27,29,1,29,27,27,0,0,0,1,1,1,29,29,0,0,0,0,0,0,0,0,0,0,0,0,0,0,0,0,0,47,47,47,0,0,0,27,27,29,1,29,27,27,0,0,0,27,40,27,0,0,0,0,0,0,0,0,0,0,0,0,12,51,12,0,0,0,0,0,0,0,0,0,0,0,0,0,0,0,0,0,0,0,0,0,0,0,0,0,0,0,0,0,0,0,
0,0,0,0,0,0,0,0,0,0,0,0,0,0,0,0,0,0,0,0,0,0,0,0,0,0,0,0,0,0,0,0,0,0,0,0,0,0,0,0,0,0,0,0,0,0,0,0,1,0,0,0,27,27,29,6,0,6,29,27,27,0,0,0,1,0,0,0,0,0,0,0,0,0,0,0,0,0,0,0,0,0,0,0,47,47,47,0,0,0,27,27,29,6,1,6,29,27,27,0,0,0,27,0,0,0,0,0,0,0,0,0,0,0,0,49,29,44,42,51,0,0,0,0,0,0,0,0,0,0,0,0,0,0,0,0,0,0,0,0,0,0,0,0,0,0,0,0,0,0,
0,0,0,0,0,0,0,0,0,0,0,0,0,0,0,0,0,0,0,0,0,0,0,0,0,0,0,0,0,0,0,0,0,0,0,0,0,0,0,0,0,0,0,0,0,0,12,0,0,0,0,27,27,41,6,27,27,27,6,41,27,27,12,0,0,0,0,0,0,0,0,0,0,0,0,0,0,0,0,0,0,0,0,47,47,47,0,0,0,27,27,41,6,1,1,1,6,41,27,27,0,0,0,0,0,0,0,0,0,0,0,0,0,0,0,29,1,27,1,42,0,0,0,0,0,0,0,0,0,0,0,0,0,0,0,0,0,0,0,0,0,0,0,0,0,0,0,0,0,0,
0,0,0,0,0,0,0,0,0,0,0,0,0,0,0,0,0,0,0,0,0,0,0,0,0,0,0,0,0,0,0,0,0,0,0,0,0,0,0,0,0,0,0,0,0,0,0,0,0,0,27,27,29,6,27,27,47,27,27,6,29,27,27,0,0,0,0,0,0,0,0,0,0,0,1,0,1,0,0,0,0,0,0,44,47,0,0,0,27,27,0,0,27,27,1,27,27,0,0,27,27,0,0,0,0,0,0,0,0,0,0,27,27,27,27,27,27,40,27,44,49,0,0,0,0,0,0,0,0,0,0,0,0,0,0,0,0,0,0,0,0,0,0,0,0,0,0,0,0,0,
0,0,0,0,0,0,0,0,0,0,0,0,0,0,0,0,0,0,0,0,0,0,0,0,0,0,0,0,0,0,0,0,0,0,0,0,0,0,0,0,0,0,0,0,0,0,0,0,27,27,27,29,6,0,27,0,41,0,27,27,6,29,27,27,0,0,0,0,0,0,0,0,0,1,1,0,1,1,0,0,0,0,0,0,0,0,0,27,27,29,6,1,27,6,47,6,27,1,6,29,27,27,0,0,0,0,0,0,0,0,0,0,0,27,29,41,44,27,1,29,0,0,0,0,0,0,0,0,0,0,0,0,0,0,0,0,0,0,0,0,0,0,0,0,0,0,0,0,0,0,
0,0,0,0,0,0,0,0,0,0,0,0,0,0,0,0,0,0,0,0,0,0,0,0,0,0,0,0,0,0,0,0,0,0,0,0,0,0,0,0,0,0,0,0,0,0,0,0,14,1,1,0,0,27,47,47,1,47,47,27,0,0,1,1,1,4,4,4,4,4,4,4,1,1,17,0,17,1,1,4,4,4,4,4,4,4,1,1,1,1,1,1,1,47,44,47,1,1,1,1,1,1,1,0,0,0,0,0,0,0,0,1,1,1,1,1,41,27,29,29,0,0,0,0,0,0,0,0,0,0,0,0,0,0,0,0,0,0,0,0,0,0,0,0,0,0,0,0,0,0,
0,0,0,0,0,0,0,0,0,0,0,0,0,0,0,0,0,0,0,0,0,0,0,0,0,0,0,0,0,0,0,0,0,0,0,0,0,0,0,0,0,0,0,0,0,0,0,0,27,27,27,29,6,0,27,0,47,0,27,27,6,29,27,27,0,0,0,0,0,0,0,0,0,1,1,0,1,1,0,0,0,0,0,0,0,0,0,27,27,29,6,1,27,6,47,6,27,1,6,29,27,27,0,0,0,0,0,0,0,0,0,0,0,0,29,1,29,27,0,0,0,0,0,0,0,0,0,0,0,0,0,0,0,0,0,0,0,0,0,0,0,0,0,0,0,0,0,0,0,0,
0,0,0,0,0,0,0,0,0,0,0,0,0,0,0,0,0,0,0,0,0,0,0,0,0,0,0,0,0,0,0,0,0,0,0,0,0,12,46,12,46,12,46,12,0,0,0,0,0,0,27,27,29,6,27,27,47,27,27,6,29,27,27,0,0,0,0,0,0,0,0,0,0,0,1,0,1,0,0,0,0,0,0,44,47,0,0,0,27,27,29,6,27,27,1,27,27,6,29,27,27,0,0,0,0,0,0,0,0,0,0,0,0,0,0,1,27,27,0,0,0,0,0,0,0,0,0,0,0,0,0,0,0,0,0,0,0,0,0,0,0,0,0,0,0,0,0,0,0,0,
0,0,0,0,0,0,0,0,0,0,0,0,0,0,0,0,0,0,0,0,0,0,0,0,0,0,0,0,0,0,0,0,0,0,0,0,0,46,1,1,1,1,0,5,0,0,5,0,0,0,0,27,27,41,6,27,27,27,6,41,27,27,0,0,0,0,0,0,0,0,0,0,12,0,4,0,0,0,0,0,0,0,0,47,47,47,0,0,0,27,27,41,6,1,1,1,6,41,27,27,29,6,6,0,0,0,0,0,0,0,0,0,0,0,0,1,0,27,0,0,0,0,0,0,0,0,0,0,0,0,0,0,0,0,0,0,0,0,0,0,0,0,0,0,0,0,0,0,0,0,
0,0,0,0,0,0,0,0,0,0,0,0,0,0,0,0,0,0,0,0,0,0,0,0,0,0,0,0,0,0,0,0,0,0,0,0,0,12,1,1,0,1,5,46,5,5,46,5,1,1,1,1,27,27,29,6,0,6,29,27,27,0,0,0,27,0,0,0,0,0,0,0,46,0,4,0,0,0,0,0,0,0,0,0,47,47,47,0,0,0,27,27,29,6,1,6,29,27,27,1,1,1,1,49,0,0,0,0,0,0,0,0,0,0,0,1,0,27,0,0,0,0,0,0,0,0,0,0,0,0,0,0,0,0,0,0,0,0,0,0,0,0,0,0,0,0,0,0,0,0,
0,0,0,0,0,0,0,0,0,0,0,0,0,0,0,0,0,0,0,0,0,0,0,0,0,0,0,0,0,0,0,0,0,0,0,0,0,46,1,0,1,1,0,5,0,0,5,1,1,1,6,6,1,27,27,29,0,29,27,27,0,0,0,27,40,27,0,0,0,0,0,0,12,0,4,0,0,0,0,0,0,0,0,0,0,47,47,47,0,0,0,27,27,29,1,29,27,27,1,29,6,1,1,1,6,50,50,0,51,11,51,0,0,0,0,4,0,0,0,0,0,0,0,0,0,0,0,0,0,0,0,0,0,0,0,0,0,0,0,0,0,0,0,0,0,0,0,0,0,0,
0,0,0,0,0,0,0,0,0,0,0,0,0,0,0,0,0,0,0,0,0,0,0,0,0,0,0,0,0,0,0,0,0,0,0,0,0,12,1,1,1,1,1,1,1,1,1,1,40,1,1,6,1,0,27,27,1,27,27,0,0,0,47,47,40,47,47,0,0,0,0,0,46,0,4,0,0,0,0,0,0,0,0,0,48,48,40,48,48,0,0,0,27,27,1,27,27,29,1,6,27,27,40,27,27,27,27,27,27,27,11,0,0,0,0,4,0,0,0,0,0,0,0,0,0,0,0,0,0,0,0,0,0,0,0,0,0,0,0,0,0,0,0,0,0,0,0,0,0,0,
0,0,0,0,0,0,0,0,0,0,0,0,0,0,0,0,0,0,0,0,0,0,0,0,0,0,0,0,0,0,0,0,0,0,0,0,0,46,0,5,0,1,6,95,44,1,1,0,47,0,1,1,1,0,0,0,1,0,0,0,0,27,47,6,47,6,47,27,0,0,0,0,12,0,4,0,0,0,0,0,0,0,0,0,0,0,1,0,48,47,0,0,0,27,1,27,0,6,1,1,27,6,47,6,27,1,6,0,6,27,51,0,0,0,0,4,0,0,0,0,0,0,0,0,0,0,0,0,0,0,0,0,0,0,0,0,0,0,0,0,0,0,0,0,0,0,0,0,0,0,
0,0,0,0,0,0,0,0,0,0,0,0,0,0,0,0,0,0,0,0,0,0,0,0,0,0,46,0,0,0,0,0,0,0,0,0,0,12,5,46,5,1,95,1,1,1,40,47,41,47,40,1,1,0,0,1,1,1,0,0,27,40,40,47,44,47,40,40,27,0,0,0,46,0,4,0,0,0,0,0,0,44,47,47,40,47,40,1,40,47,47,0,0,0,1,0,0,6,1,1,40,47,41,47,40,1,29,1,29,27,0,0,0,0,0,4,0,0,0,0,0,0,46,0,0,0,0,0,0,0,0,0,0,0,0,0,0,0,0,0,0,0,0,0,0,0,0,0,0,0,
0,0,0,0,0,0,0,0,0,0,0,0,0,0,0,0,0,0,0,0,0,0,0,0,46,50,51,1,51,0,0,0,0,0,0,0,0,0,0,5,0,1,44,1,6,1,1,0,47,0,1,1,5,0,0,0,0,0,0,0,0,27,47,6,47,6,47,27,0,0,0,0,12,0,4,0,0,0,0,0,0,0,44,47,48,0,47,0,48,47,0,0,0,0,0,0,0,0,49,1,27,6,47,6,27,1,6,1,6,27,29,0,5,0,0,4,0,0,0,0,46,50,51,27,51,0,46,44,46,0,0,0,0,0,0,0,0,0,0,0,0,0,0,0,0,0,0,0,0,0,
0,0,0,0,0,0,0,0,0,0,0,0,0,0,0,0,0,0,0,0,0,0,0,46,43,49,27,1,27,0,0,0,0,0,0,0,0,0,0,5,0,1,1,1,1,0,0,1,40,1,1,5,41,5,0,0,0,0,0,0,0,0,47,47,40,47,47,0,0,0,0,0,46,0,4,0,0,0,0,0,0,0,0,0,48,48,40,0,48,0,0,0,0,0,0,0,0,0,0,6,27,27,40,27,0,0,1,1,1,27,6,5,46,5,0,4,0,0,0,46,43,49,27,27,27,0,29,42,43,46,0,0,0,0,0,0,0,0,0,0,0,0,0,0,0,0,0,0,0,0,
0,0,0,0,0,0,0,0,0,0,0,0,0,0,0,0,0,0,0,0,0,0,0,50,49,47,47,1,47,47,0,0,0,0,0,0,0,0,5,46,0,1,1,3,1,0,0,1,1,1,1,0,5,0,0,0,0,0,0,0,0,0,0,27,40,27,0,0,0,0,0,0,12,0,4,0,0,0,0,0,0,0,0,0,0,47,47,0,0,0,0,0,0,0,0,0,0,0,0,50,27,1,1,1,0,0,27,40,27,27,29,0,5,0,0,4,0,0,0,50,49,27,47,40,47,27,27,27,42,44,0,0,0,0,0,0,0,0,0,0,0,0,0,0,0,0,0,0,0,0,
0,0,0,0,0,0,0,0,0,0,0,0,0,0,0,0,0,0,0,0,0,0,44,51,27,47,6,1,6,47,27,0,0,0,0,0,0,0,0,5,1,1,0,6,0,1,1,6,1,44,1,0,0,0,0,0,0,0,0,0,0,0,0,0,27,0,0,0,0,0,0,0,46,0,4,0,1,0,0,0,1,0,0,0,0,44,47,0,0,0,0,0,0,0,0,0,0,0,0,50,27,6,29,6,1,27,6,47,6,27,1,29,6,29,0,4,0,0,46,51,27,47,6,47,6,47,0,27,29,0,0,0,0,0,0,0,0,0,0,0,0,0,0,0,0,0,0,0,0,0,
0,0,0,0,0,0,0,0,0,0,0,0,0,0,0,0,0,0,0,0,0,44,1,1,1,1,1,44,1,1,1,1,0,0,0,1,0,0,0,1,1,44,6,2,6,0,1,1,1,95,1,0,0,0,0,0,0,0,0,0,0,0,0,0,0,0,0,0,0,0,0,0,12,0,4,0,1,1,17,1,1,0,0,0,44,1,1,1,0,0,0,0,0,0,0,0,0,0,0,0,27,0,1,1,1,40,47,41,47,40,1,1,1,1,0,2,0,0,0,27,27,40,47,44,47,40,27,27,0,0,0,0,0,0,0,0,0,0,0,0,0,0,0,0,0,0,0,0,0,0,
0,0,0,0,0,0,0,0,0,0,0,0,0,0,0,0,0,0,0,0,12,0,4,0,27,47,6,1,6,47,27,0,0,0,27,1,27,0,0,1,0,6,2,40,2,6,0,44,95,6,1,0,0,0,0,0,0,0,0,0,0,0,0,0,0,0,0,0,0,0,0,0,46,0,4,0,6,1,1,1,6,0,0,0,0,0,1,0,0,0,0,0,0,0,0,0,0,0,0,51,27,6,29,6,1,27,6,47,6,27,1,1,44,1,0,1,1,0,0,51,27,47,6,47,6,47,0,27,0,0,0,0,0,0,0,0,0,0,0,0,0,0,0,0,0,0,0,0,0,0,
0,0,0,0,0,0,0,0,0,0,0,0,0,0,0,0,0,0,0,0,46,0,4,0,0,47,47,1,47,47,29,0,0,27,27,1,27,27,0,1,6,2,40,44,40,1,1,1,0,1,1,41,0,0,0,0,0,0,0,0,0,0,0,0,0,0,0,0,0,0,0,0,12,0,4,0,1,1,17,1,1,0,0,0,0,0,0,0,0,0,0,0,0,0,0,0,0,0,0,11,27,27,27,27,27,27,27,40,27,27,6,1,6,1,0,1,1,1,1,1,1,1,47,40,47,27,0,27,0,0,0,0,0,0,0,0,0,0,0,0,0,0,0,0,0,0,0,0,0,0,
0,0,0,0,0,0,0,0,0,0,0,0,0,0,0,0,0,0,0,0,12,0,4,0,0,0,27,1,27,29,29,0,27,27,29,1,29,27,27,1,0,6,2,40,2,6,1,0,0,0,1,1,0,0,0,0,0,0,0,0,0,0,0,0,0,0,0,0,0,0,0,0,46,0,4,0,1,0,0,0,1,0,0,0,0,0,0,0,0,0,0,0,0,0,0,0,0,0,0,51,11,51,0,29,6,29,1,1,1,6,29,1,1,1,29,1,29,27,27,6,29,1,27,27,27,0,0,0,0,0,0,0,0,0,0,0,0,0,0,0,0,0,0,0,0,0,0,0,0,0,
0,0,0,0,0,0,0,0,0,0,0,0,0,0,0,0,0,0,0,0,46,0,4,0,0,0,0,1,0,0,0,27,27,29,6,0,6,29,27,27,0,0,6,2,6,0,1,0,0,0,1,1,0,0,0,0,0,0,0,0,0,0,0,0,0,0,0,0,0,0,0,0,12,0,4,0,0,0,0,0,0,0,0,0,0,0,0,0,0,0,0,0,0,0,0,0,0,0,0,0,0,0,0,0,5,0,29,1,1,1,1,1,1,29,6,1,6,29,27,27,6,1,0,27,0,0,0,0,0,0,0,0,0,0,0,0,0,0,0,0,0,0,0,0,0,0,0,0,0,0,
0,0,0,0,0,0,0,0,0,0,0,0,0,0,0,0,0,0,0,0,12,0,1,0,0,0,0,0,0,0,27,27,41,6,1,0,1,6,41,27,27,0,0,0,0,0,1,0,0,0,0,0,0,0,0,0,0,0,0,0,0,0,0,0,0,0,0,0,0,0,0,0,46,0,4,0,0,0,0,0,0,0,0,0,0,0,0,0,0,0,0,0,0,0,0,0,0,0,0,0,0,0,0,5,46,5,6,1,44,6,1,1,41,6,1,1,1,6,41,27,27,1,0,0,0,0,0,0,0,0,0,0,0,0,0,0,0,0,0,0,0,0,0,0,0,0,0,0,0,0,
0,0,0,0,0,0,0,0,0,0,0,0,0,0,0,0,0,0,0,0,0,27,1,27,0,0,0,0,0,27,27,29,6,1,1,40,1,1,6,29,27,27,0,0,0,0,1,0,0,0,0,0,0,0,0,0,0,0,0,0,0,0,0,0,0,0,0,0,0,0,0,0,12,0,4,0,0,0,0,0,0,0,0,0,0,0,0,0,0,0,0,0,0,0,0,0,0,0,0,0,0,0,0,0,5,0,29,1,1,1,1,29,6,27,27,40,27,27,6,29,27,1,0,0,0,0,0,0,0,0,0,0,0,0,0,0,0,0,0,0,0,0,0,0,0,0,0,0,0,0,
0,0,0,0,0,0,0,0,0,0,0,0,0,0,0,0,0,0,0,0,27,27,1,27,27,0,0,0,0,27,44,6,1,1,6,1,6,1,1,6,29,27,27,0,0,0,1,0,0,0,0,0,0,0,0,0,0,0,0,0,0,0,0,0,0,0,0,0,0,0,0,0,46,0,4,0,0,0,0,0,0,0,0,0,0,0,0,0,0,0,0,0,0,0,0,0,0,0,0,0,0,0,0,0,0,0,0,0,1,1,29,6,1,27,6,47,6,27,1,6,29,0,0,0,0,0,0,0,0,0,0,0,0,0,0,0,0,0,0,0,0,0,0,0,0,0,0,0,0,0,
0,0,0,0,0,0,0,0,0,0,0,0,0,0,0,0,0,0,0,1,1,1,44,1,1,1,0,0,1,1,0,1,1,40,1,45,1,40,0,0,1,1,1,1,1,1,1,0,0,0,0,0,0,0,0,0,0,0,0,0,0,0,0,0,0,0,0,0,0,0,0,0,12,0,4,0,0,0,0,0,0,0,0,0,0,0,0,0,0,0,0,0,0,0,0,0,0,0,0,0,0,0,0,0,0,0,0,1,1,1,1,1,1,40,47,44,47,40,1,1,1,1,1,1,0,0,0,0,0,0,0,0,0,0,0,0,0,0,0,0,0,0,0,0,0,0,0,0,0,0,
0,0,0,0,0,0,0,0,0,0,0,0,0,0,0,0,0,0,0,0,27,27,1,27,27,0,0,0,0,27,44,6,1,1,6,2,6,1,1,6,29,27,27,0,0,0,0,0,0,0,0,0,0,0,0,0,0,0,0,0,0,0,0,0,0,0,0,0,0,0,0,0,46,0,4,0,0,0,0,0,0,0,0,0,0,0,0,0,0,0,0,0,0,0,0,0,0,0,0,0,0,0,0,0,0,0,0,0,1,1,29,6,1,27,6,47,6,27,1,6,29,27,27,1,0,0,0,0,0,0,0,0,0,0,0,0,0,0,0,0,0,0,0,0,0,0,0,0,0,0,
0,0,0,0,0,0,0,0,0,0,0,0,0,0,0,0,0,0,0,0,0,27,1,27,0,0,0,0,0,27,27,29,6,1,1,40,1,1,6,29,27,27,0,0,0,0,0,0,0,0,0,0,0,0,0,0,0,0,0,0,0,0,0,0,0,0,0,0,0,0,0,0,12,0,4,0,0,0,0,0,0,0,0,0,0,0,0,0,0,0,0,0,0,0,0,0,0,0,0,0,0,0,0,0,0,0,0,0,0,1,27,29,6,27,27,40,27,27,6,29,27,27,44,1,0,0,0,0,0,0,0,0,0,0,0,0,0,0,0,0,0,0,0,0,0,0,0,0,0,0,
0,0,0,0,0,0,0,0,0,0,0,0,0,0,0,0,0,0,0,0,12,0,1,0,0,0,0,0,0,0,27,27,41,6,1,1,1,6,41,27,27,0,0,0,0,0,0,0,0,0,0,0,0,0,0,0,0,0,0,0,0,0,0,0,0,0,0,0,0,0,0,0,0,0,1,0,1,0,0,0,0,0,0,0,0,0,0,0,0,0,0,0,0,0,0,0,0,0,0,0,0,0,0,0,0,0,46,0,0,1,27,27,41,6,1,1,1,6,41,27,27,0,29,1,0,0,0,0,0,0,0,0,0,0,0,0,0,0,0,0,0,0,0,0,0,0,0,0,0,0,
0,0,0,0,0,0,0,0,0,0,0,0,0,0,0,0,0,0,0,0,46,0,4,0,0,0,0,1,0,0,0,27,27,29,6,1,6,29,27,27,0,0,0,1,0,0,0,0,0,0,0,0,0,0,0,0,0,0,0,0,0,0,0,12,0,0,0,0,0,0,0,0,0,0,1,1,1,1,0,0,0,0,0,0,19,11,6,0,0,0,0,0,0,0,0,0,0,0,0,0,0,0,0,0,46,50,51,27,51,1,6,27,27,29,6,1,6,29,27,27,0,29,6,27,29,0,0,0,0,0,0,0,0,0,0,0,0,0,0,0,0,0,0,0,0,0,0,0,0,0,
0,0,0,0,0,0,0,0,0,0,0,0,0,0,0,0,0,0,0,0,12,0,4,0,0,49,27,1,27,0,0,0,27,27,44,0,44,27,27,0,0,0,1,1,1,0,0,0,0,0,0,0,0,0,0,0,0,0,0,0,0,12,0,16,1,0,0,0,0,0,0,0,1,0,6,17,6,1,1,0,0,0,0,11,0,16,1,0,0,0,0,0,0,0,0,0,0,0,0,0,0,0,0,46,43,49,27,40,27,1,29,6,27,27,29,1,29,27,27,0,41,6,27,40,27,0,0,0,0,0,0,0,0,0,0,0,0,0,0,0,0,0,0,0,0,0,0,0,0,0,
0,0,0,0,0,0,0,0,0,0,0,0,0,0,0,0,0,0,0,0,46,0,4,0,49,47,47,1,47,47,0,0,0,27,27,1,27,27,0,0,0,1,1,3,1,1,0,0,12,46,12,0,12,46,12,46,12,46,12,0,0,0,15,1,1,1,15,0,15,0,15,1,1,0,0,13,0,0,1,1,0,0,19,0,15,1,1,1,0,0,12,46,12,46,12,46,12,46,12,46,12,0,0,50,49,47,47,40,47,47,1,1,1,1,0,1,27,27,0,29,6,47,47,40,47,47,0,0,0,0,0,0,0,0,0,0,0,0,0,0,0,0,0,0,0,0,0,0,0,0,
0,0,0,0,0,0,0,0,0,0,0,0,0,0,0,0,0,0,0,0,12,0,4,0,27,47,6,1,6,47,27,0,0,0,27,1,27,0,0,0,1,1,6,2,6,1,1,0,0,0,0,0,0,0,0,0,0,0,0,0,12,16,1,1,13,1,1,0,0,0,1,1,17,0,13,13,13,0,17,1,1,0,11,16,1,1,13,1,1,0,0,0,0,0,0,0,0,0,0,0,0,0,46,51,27,47,6,47,6,47,27,0,0,0,0,1,27,44,29,6,27,47,6,47,6,47,27,0,0,0,0,0,0,0,0,0,0,0,0,0,0,0,0,0,0,0,0,0,0,0,
0,0,0,0,0,0,0,0,0,0,0,0,0,0,0,0,0,0,0,0,0,44,1,1,1,1,1,44,1,1,1,1,0,0,0,1,0,0,0,1,1,3,2,14,2,3,1,1,4,4,4,4,4,4,4,4,4,4,4,4,4,1,1,13,17,13,1,1,1,1,1,1,1,13,13,14,13,13,0,1,1,1,0,1,1,13,14,13,1,1,4,4,4,4,4,4,4,4,4,4,4,4,4,27,40,40,47,44,47,40,40,27,0,0,0,1,1,1,1,27,40,40,47,44,47,40,40,0,0,0,0,0,0,0,0,0,0,0,0,0,0,0,0,0,0,0,0,0,0,0,
0,0,0,0,0,0,0,0,0,0,0,0,0,0,0,0,0,0,0,0,0,0,44,0,27,47,6,1,6,47,27,0,0,0,0,0,0,0,0,0,1,1,6,2,6,1,1,0,0,0,0,0,0,0,0,0,0,0,0,0,0,0,1,1,13,1,1,0,0,0,1,1,17,0,13,13,13,0,17,0,14,0,0,0,1,1,13,1,1,0,0,0,0,0,0,0,0,0,0,0,0,0,0,51,27,47,6,47,6,47,27,0,0,0,0,0,0,0,0,29,27,47,6,47,6,47,27,0,0,0,0,0,0,0,0,0,0,0,0,0,0,0,0,0,0,0,0,0,0,0,
0,0,0,0,0,0,0,0,0,0,0,0,0,0,0,0,0,0,0,0,0,0,0,0,0,47,47,1,47,47,29,0,0,0,2,0,2,0,0,0,0,1,1,3,1,1,0,0,6,0,6,0,6,0,6,0,6,0,6,0,0,0,0,1,1,1,15,0,15,0,15,1,1,0,0,13,0,0,0,0,0,0,0,0,0,1,1,1,0,0,6,0,6,0,6,0,6,0,6,0,6,0,0,0,0,47,47,40,47,47,29,0,0,0,0,0,0,0,0,0,0,47,47,40,47,47,29,0,0,0,0,0,0,0,0,0,0,0,0,0,0,0,0,0,0,0,0,0,0,0,
0,0,0,0,0,0,0,0,0,0,0,0,0,0,0,0,0,0,0,0,0,0,0,0,0,0,27,1,27,29,29,0,0,0,2,2,2,0,0,0,0,0,1,1,1,0,0,0,0,0,0,0,0,0,0,0,0,0,0,0,0,0,0,0,1,0,0,0,0,0,0,0,1,0,0,4,0,0,0,0,0,0,0,0,0,0,1,0,0,0,0,0,0,0,0,0,0,0,0,0,0,0,0,0,0,0,27,40,27,29,29,0,0,0,0,0,0,0,0,0,0,0,27,40,27,29,29,0,0,0,0,0,0,0,0,0,0,0,0,0,0,0,0,0,0,0,0,0,0,0,
0,0,0,0,0,0,0,0,0,0,0,0,0,0,0,0,0,0,0,0,0,0,0,0,0,0,0,1,0,0,0,0,0,2,2,2,2,2,0,0,0,0,0,1,0,0,0,0,0,0,0,0,0,0,0,0,0,0,0,0,0,0,0,0,0,0,0,0,0,0,0,0,0,0,0,4,0,0,0,0,0,0,0,0,0,0,4,0,0,0,0,0,0,0,0,0,0,0,0,0,0,0,0,0,0,0,0,27,0,0,0,0,0,0,0,0,0,0,0,0,0,0,0,27,0,0,0,0,0,0,0,0,0,0,0,0,0,0,0,0,0,0,0,0,0,0,0,0,0,0,
0,0,0,0,0,0,0,0,0,0,0,0,0,0,0,0,0,0,0,0,0,0,0,0,0,0,0,0,0,0,0,0,2,2,2,41,2,2,2,0,0,0,1,1,44,0,0,0,0,0,0,0,0,0,0,0,0,0,0,0,0,0,0,0,0,0,0,0,0,0,0,0,0,0,0,13,0,0,0,0,0,0,0,0,0,0,4,0,0,0,0,0,0,0,0,0,0,0,0,0,0,0,0,0,0,0,0,0,0,0,0,0,0,0,0,0,0,0,0,0,0,0,0,0,0,0,0,0,0,0,0,0,0,0,0,0,0,0,0,0,0,0,0,0,0,0,0,0,0,0,
0,0,0,0,0,0,0,0,0,0,0,0,0,0,0,0,0,0,0,0,0,0,0,0,0,0,0,0,0,0,0,0,0,2,2,2,2,2,0,0,0,0,0,44,0,0,0,0,0,0,0,0,0,0,0,0,0,0,0,0,0,0,0,0,0,0,0,0,0,0,0,15,19,0,13,13,13,0,0,0,0,0,0,0,0,0,4,0,0,0,0,0,0,0,0,0,0,0,0,0,0,0,0,0,0,0,0,0,0,0,0,0,0,0,0,0,0,0,0,0,0,0,12,0,0,0,0,0,0,0,0,0,0,0,0,0,0,0,0,0,0,0,0,0,0,0,0,0,0,0,
0,0,0,0,0,0,0,0,0,0,0,0,0,0,0,0,0,0,0,0,0,0,0,0,0,0,0,0,0,0,0,0,0,0,2,2,2,0,0,0,0,0,0,0,0,0,0,0,0,0,0,0,0,0,0,0,0,0,0,0,0,0,0,17,0,17,0,0,0,0,15,42,14,13,13,17,13,13,0,0,0,0,0,0,0,0,4,0,0,0,0,0,0,0,0,0,0,0,0,0,0,0,0,0,0,0,0,0,0,0,0,0,0,0,0,0,0,0,0,0,0,43,8,0,0,0,0,0,0,0,0,0,0,0,0,0,0,0,0,0,0,0,0,0,0,0,0,0,0,0,
0,0,0,0,0,0,0,0,0,0,0,0,0,0,0,0,0,0,0,0,0,0,0,0,0,0,6,0,6,0,0,0,0,0,0,2,0,0,0,0,0,0,6,0,6,0,0,0,0,0,6,0,6,0,0,0,0,0,0,0,0,0,0,0,0,0,0,0,0,0,0,14,0,0,13,13,13,0,0,0,0,0,0,16,16,19,4,0,16,16,0,0,0,0,0,0,0,0,0,0,0,0,0,0,0,0,0,0,0,0,0,0,0,0,0,0,0,0,0,0,12,6,0,1,0,0,0,0,0,0,0,0,0,0,0,0,0,0,0,0,0,0,0,0,0,0,0,0,0,0,
0,0,0,0,0,0,0,0,0,0,0,0,0,0,0,0,0,0,0,0,0,0,0,0,0,46,42,1,6,0,0,0,0,0,0,0,0,0,0,0,0,0,6,0,6,0,0,0,0,0,6,0,6,0,0,0,0,0,0,0,0,0,0,17,13,17,0,0,0,0,0,13,0,0,0,13,0,0,0,13,0,0,0,16,15,0,13,0,14,16,0,0,0,0,0,0,0,0,0,0,0,0,0,0,0,0,0,0,0,0,0,0,0,0,0,0,0,0,0,43,6,0,1,1,1,0,0,0,0,0,0,0,0,0,0,0,0,0,0,0,0,0,0,0,0,0,0,0,0,0,
0,0,0,0,0,0,0,0,0,0,0,0,0,0,0,0,0,0,0,0,0,0,0,0,12,8,44,1,6,6,44,46,44,46,44,46,44,46,44,46,44,6,6,0,6,6,44,0,44,6,6,0,6,6,44,46,44,46,44,46,44,0,17,13,13,13,17,0,0,17,13,13,13,0,0,4,0,0,13,13,13,0,0,0,0,13,13,13,0,0,0,0,0,0,0,0,0,0,0,0,0,0,0,0,0,0,0,0,0,0,0,0,0,0,0,0,0,0,12,8,0,1,47,40,47,1,0,0,0,0,0,0,0,0,0,0,0,0,0,0,0,0,0,0,0,0,0,0,0,0,
0,0,0,0,0,0,0,0,0,0,0,0,0,0,0,0,0,0,0,0,0,0,0,0,0,43,1,1,1,1,0,0,0,0,0,0,0,0,0,0,0,0,0,0,0,0,0,0,0,0,0,0,0,0,0,0,0,0,0,0,0,0,13,13,14,13,13,13,13,13,13,3,13,14,0,4,0,14,13,3,13,13,0,0,13,13,17,13,13,0,0,0,0,0,0,0,0,0,0,0,0,0,0,0,0,0,0,0,0,0,0,0,0,0,0,0,0,0,0,0,1,1,40,44,40,1,1,0,0,0,0,0,0,0,0,0,0,0,0,0,0,0,0,0,0,0,0,0,0,0,
0,0,0,0,0,0,0,0,0,0,0,0,0,0,0,0,0,0,0,0,0,0,0,0,12,8,44,1,6,6,44,0,44,0,44,0,44,0,44,0,44,6,6,0,6,6,44,0,44,6,6,0,6,6,44,0,44,0,44,0,44,0,17,13,13,13,17,0,0,17,13,13,13,0,0,4,0,0,13,13,13,0,0,0,0,13,13,13,0,0,0,0,0,0,0,0,0,0,0,0,0,0,0,0,0,0,0,0,0,0,0,0,0,0,0,0,0,0,0,0,0,1,47,40,47,1,0,0,0,0,0,0,0,0,0,0,0,0,0,0,0,0,0,0,0,0,0,0,0,0,
0,0,0,0,0,0,0,0,0,0,0,0,0,0,0,0,0,0,0,0,0,0,0,0,0,46,42,1,6,0,0,0,0,0,0,0,0,0,0,0,0,0,6,0,6,0,0,0,0,0,6,0,6,0,0,0,0,0,0,0,0,0,0,17,13,17,0,0,0,0,0,13,0,0,0,13,0,0,0,13,0,0,0,0,14,0,13,0,5,14,0,0,0,0,0,0,0,0,0,0,0,0,0,0,0,0,0,0,0,0,0,0,0,0,0,0,0,0,0,0,0,0,1,1,1,0,0,0,0,0,0,0,0,0,0,0,0,0,0,0,0,0,0,0,0,0,0,0,0,0,
0,0,0,0,0,0,0,0,0,0,0,0,0,0,0,0,0,0,0,0,0,0,0,0,0,0,6,0,6,0,0,0,0,0,0,0,0,0,0,0,0,0,6,0,6,0,0,0,0,0,6,0,6,0,0,0,0,0,0,0,0,0,0,0,0,0,0,0,0,0,0,14,0,0,13,13,13,0,0,0,0,0,0,0,0,19,4,0,14,14,0,0,0,0,0,0,0,0,0,0,0,0,0,0,0,0,0,0,0,0,0,0,0,0,0,0,0,0,0,0,0,0,0,1,0,0,0,0,0,0,0,0,0,0,0,0,0,0,0,0,0,0,0,0,0,0,0,0,0,0,
0,0,0,0,0,0,0,0,0,0,0,0,0,0,0,0,0,0,0,0,0,0,0,0,0,0,0,0,0,0,0,0,0,0,0,0,0,0,0,0,0,0,0,0,0,0,0,0,0,0,0,0,0,0,0,0,0,0,0,0,0,0,0,17,0,17,0,0,0,0,15,42,14,13,13,17,13,13,0,0,0,0,0,0,0,0,4,0,0,0,0,0,0,0,0,0,0,0,0,0,0,0,0,0,0,0,0,0,0,0,0,0,0,0,0,0,0,0,0,0,0,0,0,0,0,0,0,0,0,0,0,0,0,0,0,0,0,0,0,0,0,0,0,0,0,0,0,0,0,0,
0,0,0,0,0,0,0,0,0,0,0,0,0,0,0,0,0,0,0,0,0,0,0,0,0,0,0,0,0,0,0,0,0,0,0,0,0,0,0,0,0,0,0,0,0,0,0,0,0,0,0,0,0,0,0,0,0,0,0,0,0,0,0,0,0,0,0,0,0,0,0,15,19,0,13,13,13,0,0,0,0,0,0,0,0,0,4,0,0,0,0,0,0,0,0,0,0,0,0,0,0,0,0,0,0,0,0,0,0,0,0,0,0,0,0,0,0,0,0,0,0,0,0,0,0,0,0,0,0,0,0,0,0,0,0,0,0,0,0,0,0,0,0,0,0,0,0,0,0,0,
0,0,0,0,0,0,0,0,0,0,0,0,0,0,0,0,0,0,0,0,0,0,0,0,0,0,46,0,0,0,0,0,0,0,0,0,0,0,0,0,0,0,46,0,0,0,0,0,0,0,0,0,0,0,0,0,0,0,0,0,0,0,0,0,0,0,0,0,0,0,0,0,0,0,0,13,0,0,0,0,0,0,0,0,0,0,4,0,0,0,0,0,0,0,0,0,0,0,0,0,0,0,0,0,0,0,46,0,0,0,0,0,0,0,0,0,0,0,0,0,0,0,46,0,0,0,0,0,0,0,0,0,0,0,0,0,0,0,0,0,0,0,0,0,0,0,0,0,0,0,
0,0,0,0,0,0,0,0,0,0,0,0,0,0,0,0,0,0,0,0,0,0,0,0,46,50,51,27,51,0,0,0,0,0,0,0,0,0,0,0,46,50,51,27,51,0,0,0,0,0,0,0,0,0,0,0,0,0,0,0,19,0,0,7,0,0,0,0,0,0,0,0,0,0,0,0,0,0,0,0,0,0,0,0,19,11,4,0,0,0,0,0,0,0,0,0,0,0,0,0,0,0,0,0,46,50,51,27,51,0,0,0,0,0,0,0,0,0,0,0,46,50,51,27,51,0,0,0,0,0,0,0,0,0,0,0,0,0,0,0,0,0,0,0,0,0,0,0,0,0,
0,0,0,0,0,0,0,0,0,0,0,0,0,0,0,0,0,0,0,0,0,0,0,46,43,49,27,40,27,0,0,0,0,0,0,0,0,0,0,46,43,49,27,40,27,0,0,0,0,0,0,0,0,0,0,0,0,0,0,0,0,0,10,16,1,0,0,0,0,0,0,0,0,0,0,0,0,0,0,0,0,0,0,11,0,16,1,0,0,0,0,0,0,0,0,0,0,0,0,0,0,0,0,46,43,49,27,40,27,29,0,0,0,0,0,0,0,0,0,46,43,49,27,40,27,29,0,0,0,0,0,0,0,0,0,0,0,0,0,0,0,0,0,0,0,0,0,0,0,0,
0,0,0,0,0,0,0,0,0,0,0,0,0,0,0,0,0,0,0,0,0,0,0,50,49,47,47,40,47,47,0,0,0,0,0,0,0,0,0,50,49,47,47,40,47,47,0,0,12,46,12,0,12,46,12,46,12,46,12,46,12,10,15,1,1,1,15,0,15,0,15,1,0,0,0,13,0,0,0,1,0,0,19,0,15,1,1,1,0,0,12,46,12,46,12,46,12,46,12,46,12,0,0,50,49,47,47,40,47,47,29,0,0,0,0,0,0,0,0,50,49,47,47,40,47,47,29,0,0,0,0,0,0,0,0,0,0,0,0,0,0,0,0,0,0,0,0,0,0,0,
0,0,0,0,0,0,0,0,0,0,0,0,0,0,0,0,0,0,0,0,0,0,46,51,27,47,6,40,6,47,27,0,0,0,0,0,0,0,46,51,27,47,27,47,27,47,27,0,0,0,0,0,0,0,0,0,0,0,0,0,7,16,1,1,13,1,1,0,0,0,1,1,1,0,13,13,13,0,1,1,1,0,11,16,1,1,13,1,1,0,0,0,0,0,0,0,0,0,0,0,0,0,46,51,27,47,6,47,6,47,27,29,0,0,0,0,0,0,46,51,27,47,6,47,6,47,27,0,0,0,0,0,0,0,0,0,0,0,0,0,0,0,0,0,0,0,0,0,0,0,
0,0,0,0,0,0,0,0,0,0,0,0,0,0,0,0,0,0,0,0,0,0,0,27,40,40,40,44,40,40,40,27,0,0,44,1,44,0,0,27,40,40,47,44,47,40,40,27,4,4,4,4,4,4,4,4,4,4,4,4,4,1,1,13,17,13,1,1,1,1,1,92,1,13,13,14,13,13,1,92,1,1,0,1,1,13,14,13,1,1,4,4,4,4,4,4,4,4,4,4,4,4,4,27,40,40,47,44,47,40,40,27,0,0,0,1,0,0,0,27,40,40,47,40,47,40,44,0,0,0,0,0,0,0,0,0,0,0,0,0,0,0,0,0,0,0,0,0,0,0,
0,0,0,0,0,0,0,0,0,0,0,0,0,0,0,0,0,0,0,0,0,0,0,51,27,47,6,40,6,47,27,1,0,0,27,1,27,0,0,51,27,47,27,47,27,47,27,0,0,0,0,0,0,0,0,0,0,0,0,0,0,0,1,1,13,1,1,0,0,0,1,1,1,0,13,13,13,0,1,1,1,0,0,0,1,1,13,1,1,0,0,0,0,0,0,0,0,0,0,0,0,0,0,51,27,47,6,47,6,47,27,0,0,0,27,1,27,0,0,51,27,47,6,47,6,47,27,0,0,0,0,0,0,0,0,0,0,0,0,0,0,0,0,0,0,0,0,0,0,0,
0,0,0,0,0,0,0,0,0,0,0,0,0,0,0,0,0,0,0,0,0,0,0,0,0,47,47,40,47,47,0,1,0,27,27,1,27,27,0,0,0,47,47,40,47,47,29,0,6,0,6,0,6,0,6,0,6,0,6,0,6,0,0,1,1,1,15,0,15,0,15,1,0,0,0,13,0,0,0,1,0,0,0,0,0,1,1,1,0,0,6,0,6,0,6,0,6,0,6,0,6,0,0,0,29,47,47,40,47,47,1,1,1,27,27,1,27,27,0,0,29,47,47,40,47,47,29,0,0,0,0,0,0,0,0,0,0,0,0,0,0,0,0,0,0,0,0,0,0,0,
0,0,0,0,0,0,0,0,0,0,0,0,0,0,0,0,0,0,0,0,0,0,0,0,0,0,27,40,27,0,0,1,27,27,29,1,29,27,27,0,0,0,27,40,27,29,29,0,0,0,0,0,0,0,0,0,0,0,0,0,0,0,0,0,1,0,0,0,0,0,0,0,0,0,0,4,0,0,0,0,0,0,0,0,0,0,1,0,0,0,0,0,0,0,0,0,0,0,0,0,0,0,0,0,0,29,27,40,27,1,0,0,27,27,29,0,29,27,27,0,0,29,27,40,27,29,29,0,0,0,0,0,0,0,0,0,0,0,0,0,0,0,0,0,0,0,0,0,0,0,
0,0,0,0,0,0,0,0,0,0,0,0,0,0,0,0,0,0,0,0,0,0,0,0,0,0,0,27,1,1,1,1,27,29,6,1,6,29,27,27,0,0,0,27,0,0,0,0,0,0,0,0,0,0,0,0,0,0,0,0,0,0,12,0,4,0,6,0,0,0,0,0,0,6,0,4,0,6,0,0,0,0,0,0,0,0,4,0,0,0,0,0,0,0,0,0,0,0,0,0,0,0,0,0,0,0,29,27,0,1,0,27,27,29,6,1,6,29,27,27,0,0,27,27,27,0,0,0,0,0,0,0,0,0,0,0,0,0,0,0,0,0,0,0,0,0,0,0,0,0,
0,0,0,0,0,0,0,0,0,0,0,0,0,0,0,0,0,0,0,0,0,0,0,0,0,0,0,0,0,0,27,27,41,6,27,1,27,6,41,27,27,0,0,4,0,0,0,0,0,0,0,0,0,0,0,0,0,0,0,0,0,0,46,0,4,0,0,0,0,0,0,0,0,0,0,4,0,0,0,0,0,0,0,0,0,0,4,0,0,0,0,0,0,0,0,0,0,0,0,0,9,29,1,0,0,0,0,0,0,1,27,27,41,6,27,1,27,6,41,27,27,0,0,0,0,0,0,0,0,0,0,0,0,0,0,0,0,0,0,0,0,0,0,0,0,0,0,0,0,0,
0,0,0,0,0,0,0,0,0,0,0,0,0,0,0,0,0,0,0,0,0,0,0,0,0,0,0,0,0,27,27,29,6,27,27,44,27,27,6,29,27,27,0,4,0,0,0,0,0,0,0,0,0,0,0,0,0,0,0,0,0,0,12,0,4,0,6,0,0,0,0,0,0,12,0,4,0,6,0,0,0,0,0,0,12,0,4,0,6,0,0,0,0,0,0,0,0,0,0,0,6,27,1,27,0,0,0,0,0,27,27,29,6,47,47,40,47,47,6,29,27,27,0,0,0,0,0,0,0,0,0,0,0,0,0,0,0,0,0,0,0,0,0,0,0,0,0,0,0,0,
0,0,0,0,0,0,0,0,0,0,0,0,0,0,0,0,0,0,0,0,0,0,0,0,0,0,0,44,27,27,29,6,27,27,0,47,0,27,27,6,29,27,27,4,44,0,0,0,0,0,0,0,0,0,0,0,0,0,0,0,0,0,46,0,4,0,0,0,0,0,0,0,0,46,0,4,0,0,0,0,0,0,0,0,46,0,4,0,0,0,0,0,0,0,0,0,0,0,0,0,49,27,44,27,0,0,27,27,27,27,0,0,27,47,27,1,27,47,27,6,29,27,27,27,27,0,0,0,0,0,0,0,0,0,0,0,0,0,0,0,0,0,0,0,0,0,0,0,0,0,
0,0,0,0,0,0,0,0,0,0,0,0,0,0,0,0,0,0,0,0,0,0,0,0,0,0,0,1,1,1,1,1,1,0,47,47,47,44,1,1,1,1,1,1,1,0,0,0,0,0,0,0,0,0,0,0,0,0,0,0,0,0,12,0,4,0,6,0,0,0,0,0,0,12,0,4,0,6,0,0,0,0,0,0,12,0,4,0,6,0,0,0,0,0,0,0,0,0,0,51,45,1,1,1,0,1,1,44,1,1,0,1,1,44,1,3,1,40,1,1,0,1,1,1,1,1,6,0,0,0,0,0,0,0,0,0,0,0,0,0,0,0,0,0,0,0,0,0,0,0,
0,0,0,0,0,0,0,0,0,0,0,0,0,0,0,0,0,0,0,0,0,0,0,0,0,0,0,44,27,27,29,6,27,27,0,47,0,27,27,6,29,27,27,4,44,0,0,0,0,0,0,0,0,0,0,0,0,0,0,0,0,0,46,0,4,0,0,0,0,0,0,0,0,46,0,4,0,0,0,0,0,0,0,0,46,0,4,0,0,0,0,0,0,0,0,0,0,0,0,0,49,27,44,27,0,0,27,27,27,27,0,0,27,47,27,1,27,47,27,6,29,27,44,27,44,0,0,0,0,0,0,0,0,0,0,0,0,0,0,0,0,0,0,0,0,0,0,0,0,0,
0,0,0,0,0,0,0,0,0,0,0,0,0,0,0,0,0,0,0,0,0,0,0,0,0,0,0,0,0,27,27,29,6,27,27,44,27,27,6,29,27,27,0,4,0,0,0,0,0,0,0,0,0,0,0,0,0,0,0,0,0,0,12,0,4,0,6,0,0,0,0,0,0,12,0,4,0,6,0,0,0,0,0,0,12,0,4,0,6,0,0,0,0,0,0,0,0,0,0,0,6,27,1,27,0,0,0,0,0,27,27,29,6,47,47,40,47,47,6,29,27,27,0,0,0,0,0,0,0,0,0,0,0,0,0,0,0,0,0,0,0,0,0,0,0,0,0,0,0,0,
0,0,0,0,0,0,0,0,0,0,0,0,0,0,0,0,0,0,0,0,0,0,0,0,0,0,46,0,0,0,27,27,41,6,27,1,27,6,41,27,27,0,0,4,0,5,0,0,0,41,44,0,0,0,0,0,0,0,0,0,0,0,46,0,4,0,0,0,0,0,0,0,0,46,0,4,0,0,0,0,0,0,0,0,46,0,4,0,0,0,0,0,0,0,0,0,0,0,0,46,9,29,1,0,0,0,0,0,0,0,27,27,41,0,27,1,27,6,41,27,27,1,0,0,0,0,0,0,0,0,0,0,0,0,0,0,0,0,0,0,0,0,0,0,0,0,0,0,0,0,
0,0,0,0,0,0,0,0,0,0,0,0,0,0,0,0,0,0,0,0,0,0,0,0,46,50,51,27,1,1,1,1,27,29,6,1,6,29,27,1,1,1,1,1,5,46,5,0,0,44,47,47,0,0,0,0,0,0,0,0,0,0,12,0,4,0,6,0,0,0,0,0,0,12,0,4,0,6,0,0,0,0,0,0,12,0,4,0,6,0,0,0,0,0,0,0,0,0,50,49,50,0,0,0,0,0,0,1,1,1,1,27,27,0,6,1,6,29,27,27,0,1,0,1,0,0,0,0,0,0,0,0,0,0,0,0,0,0,0,0,0,0,0,0,0,0,0,0,0,0,
0,0,0,0,0,0,0,0,0,0,0,0,0,0,0,0,0,0,0,0,0,0,0,46,43,49,27,40,27,0,0,1,27,27,29,1,29,27,27,1,0,0,27,1,27,5,6,6,6,6,47,47,44,0,0,0,0,0,0,0,0,0,46,0,4,0,0,0,0,0,0,0,0,46,0,4,0,0,0,0,0,0,0,0,46,0,4,0,0,0,0,0,0,0,0,0,0,46,49,47,47,29,0,0,0,44,1,1,1,0,0,1,27,27,29,0,29,27,27,0,1,1,0,1,6,6,7,0,0,0,0,0,0,0,0,0,0,0,0,0,0,0,0,0,0,0,0,0,0,0,
0,0,0,0,0,0,0,0,0,0,0,0,0,0,0,0,0,0,0,0,0,0,0,50,49,47,47,40,47,47,0,1,0,27,27,1,27,27,0,1,0,27,27,40,27,27,47,47,47,47,47,44,41,0,0,0,0,0,0,0,0,0,12,0,4,0,6,0,0,0,0,0,0,12,0,4,0,6,0,0,0,0,0,0,12,0,4,0,6,0,0,0,0,0,0,0,0,0,50,47,47,47,47,47,47,47,47,47,47,47,0,1,0,27,27,1,27,27,1,1,1,1,0,40,1,1,6,0,0,0,0,0,0,0,0,0,0,0,0,0,0,0,0,0,0,0,0,0,0,0,
0,0,0,0,0,0,0,0,0,0,0,0,0,0,0,0,0,0,0,0,0,0,46,51,27,47,6,40,6,47,27,1,0,0,27,1,27,0,0,1,27,27,40,47,40,27,27,6,6,41,47,6,0,0,0,0,0,0,0,0,0,0,0,0,4,0,0,0,0,0,0,0,0,46,0,4,0,0,0,0,0,0,0,0,0,0,4,0,0,0,0,0,0,0,0,0,0,0,0,29,47,6,5,5,27,27,6,27,6,47,1,1,0,0,27,44,27,0,0,0,0,0,0,1,0,1,6,0,0,0,0,0,0,0,0,0,0,0,0,0,0,0,0,0,0,0,0,0,0,0,
0,0,0,0,0,0,0,0,0,0,0,0,0,0,0,0,0,0,0,0,0,0,0,27,40,40,40,44,40,40,40,27,0,0,44,1,44,0,0,1,1,40,47,44,47,40,47,47,47,6,47,6,0,0,0,0,0,0,0,0,0,0,0,46,4,0,0,0,0,0,0,0,0,12,0,4,0,6,0,0,0,0,0,0,0,46,4,0,0,0,0,0,0,0,0,0,0,0,0,0,47,5,27,27,27,40,27,40,27,47,1,1,0,0,27,1,27,0,0,1,27,3,0,40,1,40,1,40,0,0,0,0,0,0,0,0,0,0,0,0,0,0,0,0,0,0,0,0,0,0,
0,0,0,0,0,0,0,0,0,0,0,0,0,0,0,0,0,0,0,0,0,0,0,51,27,47,6,40,6,47,27,0,0,0,0,0,0,0,0,5,27,27,40,47,40,27,27,41,47,6,47,6,0,0,0,0,0,0,0,0,0,46,50,51,27,51,0,0,0,0,0,0,0,46,0,4,0,0,0,0,0,0,0,46,50,51,27,51,0,0,0,0,0,0,0,0,0,0,0,0,47,5,27,6,6,5,6,27,6,47,1,0,0,0,0,1,0,0,0,1,0,27,0,0,0,0,0,44,0,0,0,0,0,0,0,0,0,0,0,0,0,0,0,0,0,0,0,0,0,0,
0,0,0,0,0,0,0,0,0,0,0,0,0,0,0,0,0,0,0,0,0,0,0,0,0,47,47,40,47,47,29,0,0,0,0,0,0,0,5,46,5,27,27,40,27,6,6,27,47,27,47,6,5,0,0,0,0,0,0,0,46,43,49,27,40,27,0,0,0,0,0,0,0,12,0,4,0,6,0,0,0,0,46,43,49,27,40,27,29,0,0,0,0,0,0,0,0,0,51,50,47,27,27,6,44,27,5,40,27,47,0,0,0,0,0,0,0,0,0,1,1,1,1,44,0,0,0,0,0,0,0,0,0,0,0,0,0,0,0,0,0,0,0,0,0,0,0,0,0,0,
0,0,0,0,0,0,0,0,0,0,0,0,0,0,0,0,0,0,0,0,0,0,0,0,0,0,27,40,27,29,29,0,0,0,0,0,0,0,0,5,6,47,27,47,27,6,6,27,40,27,27,5,46,5,0,0,0,0,0,0,50,49,47,47,40,47,47,0,0,0,0,0,0,46,0,4,0,0,0,0,0,0,50,49,47,47,40,47,47,50,0,5,0,5,0,5,0,0,50,44,47,27,40,5,27,27,5,27,27,47,0,0,0,0,0,0,0,0,0,0,0,27,0,1,0,0,0,0,0,0,0,0,0,0,0,0,0,0,0,0,0,0,0,0,0,0,0,0,0,0,
0,0,0,0,0,0,0,0,0,0,0,0,0,0,0,0,0,0,0,0,0,0,0,0,0,0,0,27,0,0,0,0,0,0,0,0,0,0,0,0,6,47,6,47,41,27,27,40,47,40,27,27,5,0,0,0,0,0,0,46,51,27,47,27,47,27,47,27,0,0,0,0,0,12,0,4,0,6,0,0,0,46,51,27,47,6,47,6,47,27,29,0,0,0,0,0,0,0,0,1,47,6,27,6,5,5,5,27,5,47,0,0,0,0,0,0,0,0,0,0,0,27,27,1,0,0,0,0,0,0,0,0,0,0,0,0,0,0,0,0,0,0,0,0,0,0,0,0,0,0,
0,0,0,0,0,0,0,0,0,0,0,0,0,0,0,0,0,0,0,0,0,0,0,0,0,0,0,0,0,0,0,0,0,0,0,0,0,0,0,0,6,47,6,47,47,47,40,47,44,47,40,4,4,4,4,4,1,4,4,4,27,40,40,47,44,47,40,40,27,0,0,0,0,46,0,4,0,0,0,0,0,0,27,40,40,47,44,47,40,40,27,1,1,1,1,1,1,1,1,1,47,44,40,27,40,27,27,27,5,47,0,0,0,0,0,0,0,0,0,0,0,0,0,1,0,0,0,0,0,0,0,0,0,0,0,0,0,0,0,0,0,0,0,0,0,0,0,0,0,0,
0,0,0,0,0,0,0,0,0,0,0,0,0,0,0,0,0,0,0,0,0,0,0,0,0,46,0,0,0,0,0,0,0,0,0,0,0,0,0,41,6,47,41,6,6,27,27,40,47,40,27,27,1,0,0,27,1,27,0,0,51,27,47,27,47,27,47,27,0,0,0,0,0,12,0,4,0,6,0,0,0,0,51,27,47,6,47,6,47,27,29,0,0,27,1,27,0,0,1,1,47,27,27,6,27,27,5,5,6,47,6,29,7,1,29,1,50,0,0,0,0,12,0,4,0,6,0,0,0,0,0,0,0,0,0,0,0,0,0,0,0,0,0,0,0,0,0,0,0,0,
0,0,0,0,0,0,0,0,0,0,0,0,0,0,0,0,0,0,0,0,0,0,0,0,0,12,0,4,0,0,0,0,0,0,0,0,0,0,6,12,47,47,47,47,47,47,27,27,40,27,27,0,1,0,27,27,1,27,0,0,0,0,47,47,40,47,47,29,0,0,0,0,0,46,0,4,0,0,0,0,0,0,0,29,47,47,40,47,47,29,0,0,27,27,1,27,27,0,1,0,47,47,47,47,47,47,47,47,47,47,47,1,1,1,44,1,6,0,0,0,0,46,0,4,0,0,0,0,0,0,0,0,0,0,0,0,0,0,0,0,0,0,0,0,0,0,0,0,0,0,
0,0,0,0,0,0,0,0,0,0,0,0,0,0,0,0,0,0,0,0,0,0,0,0,0,46,44,4,44,0,0,0,0,0,0,0,0,0,6,42,47,47,6,6,6,6,5,27,1,27,0,0,1,27,27,29,1,29,0,27,0,0,0,27,40,27,29,29,0,0,0,0,0,12,0,4,0,6,0,0,0,0,0,0,50,27,40,27,29,0,0,27,27,29,1,29,27,27,1,0,0,1,1,1,0,0,0,0,6,47,47,0,0,1,0,1,29,0,0,0,0,12,0,4,0,6,0,0,0,0,0,0,0,0,0,0,0,0,0,0,0,0,0,0,0,0,0,0,0,0,
0,0,0,0,0,0,0,0,0,0,0,0,0,0,0,0,0,0,0,0,0,0,0,0,0,12,0,4,0,0,0,0,0,0,0,0,0,0,12,43,42,6,41,0,0,5,46,5,1,1,1,1,27,27,29,6,0,6,29,27,27,0,0,0,27,0,0,0,0,0,0,0,0,46,0,4,0,0,0,0,0,0,0,0,0,29,27,29,0,0,27,27,29,6,1,6,29,27,27,1,1,1,1,0,0,0,0,0,29,1,0,1,1,1,1,1,6,0,0,0,0,46,0,4,0,0,0,0,0,0,0,0,0,0,0,0,0,0,0,0,0,0,0,0,0,0,0,0,0,0,
0,0,0,0,0,0,0,0,0,0,0,0,0,0,0,0,0,0,0,0,0,0,0,0,0,46,44,4,44,0,0,0,0,0,0,0,0,0,0,12,6,6,0,0,0,0,5,0,0,0,0,27,27,41,6,27,1,27,6,41,27,27,0,0,0,0,0,0,0,0,0,0,0,12,0,4,0,6,0,0,0,0,0,0,0,0,0,0,0,27,27,41,6,1,1,1,6,41,27,27,0,0,0,0,0,0,0,0,7,1,0,1,7,29,7,1,29,0,0,0,0,12,0,4,0,6,0,0,0,0,0,0,0,0,0,0,0,0,0,0,0,0,0,0,0,0,0,0,0,0,
0,0,0,0,0,0,0,0,0,0,0,0,0,0,0,0,0,0,0,0,0,0,0,0,0,12,0,4,0,0,0,0,0,0,0,0,0,0,0,0,0,0,0,0,0,0,0,0,0,0,27,27,29,6,27,27,40,27,27,6,29,27,27,0,0,0,0,0,0,0,0,0,0,0,0,1,0,0,0,0,0,0,0,0,0,0,0,0,27,27,29,6,47,47,44,47,47,6,29,27,27,0,0,0,0,0,0,0,1,1,1,1,29,27,27,1,6,0,0,0,0,46,0,4,0,0,0,0,0,0,0,0,0,0,0,0,0,0,0,0,0,0,0,0,0,0,0,0,0,0,
0,0,0,0,0,0,0,0,0,0,0,0,0,0,0,0,0,0,0,0,0,0,0,0,0,46,44,4,44,0,0,0,0,0,0,0,0,0,0,0,0,0,0,0,0,0,0,0,0,27,27,29,6,27,27,48,47,48,27,27,6,29,27,27,27,0,0,0,0,0,0,0,0,0,1,1,1,0,0,0,0,0,0,0,0,0,50,27,27,29,6,1,47,1,40,1,47,1,6,29,27,27,1,0,0,0,0,0,29,44,0,1,7,27,27,1,29,0,0,0,0,12,0,4,0,6,0,0,0,0,0,0,0,0,0,0,0,0,0,0,0,0,0,0,0,0,0,0,0,0,
0,0,0,0,0,0,0,0,0,0,0,0,0,0,0,0,0,0,0,0,0,0,0,0,0,12,0,4,0,0,0,0,0,0,0,0,0,0,0,0,0,0,0,0,0,0,0,44,1,1,1,1,0,1,40,47,44,47,40,1,0,1,1,44,1,1,1,0,0,0,0,0,0,1,1,44,1,1,4,4,4,4,4,4,4,4,4,1,1,1,1,1,44,40,40,40,44,1,1,1,1,44,1,1,0,0,0,0,1,1,1,1,1,1,1,1,6,0,0,0,0,46,0,4,0,0,0,0,0,0,0,0,0,0,0,0,0,0,0,0,0,0,0,0,0,0,0,0,0,0,
0,0,0,0,0,0,0,0,0,0,0,0,0,0,0,0,0,0,0,0,0,0,0,0,0,46,44,4,44,0,0,0,0,0,0,0,0,0,0,0,0,0,0,0,0,0,0,0,0,27,27,29,6,27,27,48,47,48,27,27,6,29,27,27,27,0,0,0,0,0,0,0,0,0,1,1,1,0,0,0,0,0,0,0,0,0,50,27,27,29,6,1,47,1,40,1,47,1,6,29,27,27,1,0,0,0,0,0,50,6,29,6,29,6,29,6,29,0,0,0,0,12,0,4,0,6,0,0,0,0,0,0,0,0,0,0,0,0,0,0,0,0,0,0,0,0,0,0,0,0,
0,0,0,0,0,0,0,0,0,0,0,0,0,0,0,0,0,0,0,0,0,0,0,0,0,12,0,4,0,0,0,0,0,0,0,0,0,0,0,0,0,0,0,0,0,0,0,0,0,0,27,27,29,6,27,27,40,27,27,6,29,27,27,0,0,0,0,0,0,0,0,0,0,0,0,1,0,0,0,0,0,0,0,0,0,0,0,0,0,0,29,6,47,47,44,47,47,6,29,27,27,0,0,0,0,0,0,0,0,0,0,0,0,0,0,0,0,0,0,0,0,46,0,4,0,0,0,0,0,0,0,0,0,0,0,0,0,0,0,0,0,0,0,0,0,0,0,0,0,0,
0,0,0,0,0,0,0,0,0,0,0,0,0,0,0,0,0,0,0,0,0,0,0,0,0,46,44,4,44,0,0,0,0,0,0,0,0,0,0,0,0,0,0,0,0,0,0,0,1,0,0,27,27,41,6,27,1,27,6,41,27,27,0,0,1,0,0,0,0,0,0,0,0,0,0,0,0,0,0,0,0,0,0,0,0,46,0,0,0,27,27,41,6,1,1,1,6,41,27,27,0,0,0,0,0,0,0,0,0,0,0,0,0,0,0,0,0,0,0,0,0,12,0,4,0,6,0,0,0,0,0,0,0,0,0,0,0,0,0,0,0,0,0,0,0,0,0,0,0,0,
0,0,0,0,0,0,0,0,0,0,0,0,0,0,0,0,0,0,0,0,0,0,0,0,0,12,0,4,0,0,0,0,0,0,0,0,0,0,0,0,0,0,0,0,0,0,6,27,1,27,0,0,27,27,29,6,0,6,29,27,27,0,0,27,1,27,0,0,0,0,0,0,0,0,0,0,0,0,0,0,0,0,0,46,50,51,27,1,1,1,27,27,29,6,1,6,29,27,27,0,0,0,1,0,0,0,0,0,0,0,0,0,0,0,0,0,0,0,0,0,0,46,0,4,0,0,0,0,0,0,0,0,0,0,0,0,0,0,0,0,0,0,0,0,0,0,0,0,0,0,
0,0,0,0,0,0,0,0,0,0,0,0,0,0,0,0,0,0,0,0,0,0,0,0,0,46,0,4,0,0,0,0,0,0,0,0,0,0,0,0,0,0,0,0,0,43,42,27,44,27,95,0,0,27,0,29,1,29,0,27,0,0,95,27,44,27,95,0,0,0,0,0,0,0,0,0,0,0,0,0,0,0,46,43,49,27,40,27,29,0,1,27,27,29,1,29,27,27,0,0,0,1,1,1,0,0,0,0,0,0,0,0,0,0,0,0,0,0,0,0,0,12,0,4,0,0,0,0,0,0,0,0,0,0,0,0,0,0,0,0,0,0,0,0,0,0,0,0,0,0,
0,0,0,0,0,0,0,0,0,0,0,0,0,0,0,0,0,0,0,0,0,0,0,0,0,0,0,1,0,0,46,12,46,12,46,12,46,12,46,12,46,12,46,0,6,42,6,27,1,27,6,95,0,0,0,27,1,27,0,0,0,95,6,27,1,27,5,95,0,0,0,0,0,0,0,0,0,0,0,0,0,0,50,49,47,47,40,47,47,29,1,0,27,27,1,27,27,0,0,0,0,1,44,1,1,0,0,0,12,46,12,46,12,46,12,46,12,46,12,46,12,46,95,2,95,42,0,0,0,0,0,0,0,0,0,0,0,0,0,0,0,0,0,0,0,0,0,0,0,0,
0,0,0,0,0,0,0,0,0,0,0,0,0,0,0,0,0,0,0,0,0,0,0,0,0,0,0,1,27,0,0,0,44,0,44,0,44,0,44,0,44,0,0,0,44,27,27,0,1,0,27,27,27,27,0,1,44,1,0,0,27,27,27,0,1,0,27,27,27,0,0,0,0,0,0,0,0,0,0,0,0,46,51,27,47,6,47,6,47,27,1,0,0,27,1,27,0,0,0,1,1,1,0,0,1,1,0,0,0,0,0,0,0,0,0,0,0,0,0,0,0,95,1,1,1,95,0,0,0,0,0,0,0,0,0,0,0,0,0,0,0,0,0,0,0,0,0,0,0,0,
0,0,0,0,0,0,0,0,0,0,0,0,0,0,0,0,0,0,0,0,0,0,0,0,0,0,6,1,1,1,4,4,4,4,4,4,4,4,4,4,4,4,4,1,1,1,44,0,0,0,44,1,1,0,0,27,1,27,0,1,1,1,1,1,0,1,1,1,1,1,0,0,0,0,0,0,0,0,0,0,0,0,27,40,40,47,44,47,40,40,27,0,0,0,1,0,0,0,1,1,44,0,0,0,44,1,1,4,4,4,4,4,4,4,4,4,4,4,4,4,4,1,1,44,1,1,0,0,0,0,0,0,0,0,0,0,0,0,0,0,0,0,0,0,0,0,0,0,0,0,
0,0,0,0,0,0,0,0,0,0,0,0,0,0,0,0,0,0,0,0,0,0,0,0,0,0,44,1,0,0,0,0,44,0,44,0,44,0,44,0,44,0,0,0,44,27,27,0,1,0,27,27,27,27,0,0,1,0,0,0,27,27,27,0,1,0,27,27,27,0,0,0,0,0,0,0,0,0,0,0,0,0,51,27,47,6,47,6,47,27,29,0,0,0,0,0,0,0,0,1,1,0,0,0,1,1,0,0,0,0,0,0,0,0,0,0,0,0,0,0,0,95,1,1,1,95,0,0,0,0,0,0,0,0,0,0,0,0,0,0,0,0,0,0,0,0,0,0,0,0,
0,0,0,0,0,0,0,0,0,0,0,0,0,0,0,0,0,0,0,0,0,0,0,0,0,0,0,0,0,0,0,0,0,0,0,0,0,0,0,0,0,0,0,0,0,95,6,27,1,27,6,95,0,0,0,0,0,0,0,0,0,95,6,27,1,27,6,95,0,0,0,0,0,0,0,0,0,0,0,0,0,0,0,29,47,47,40,47,47,29,0,0,0,0,0,0,0,0,0,0,1,1,40,1,0,0,0,0,6,0,6,0,6,0,6,0,6,0,6,0,0,42,95,1,95,41,0,0,0,0,0,0,0,0,0,0,0,0,0,0,0,0,0,0,0,0,0,0,0,0,
0,0,0,0,0,0,0,0,0,0,0,0,0,0,0,0,0,0,0,0,0,0,0,0,0,0,0,0,0,0,0,0,0,0,0,0,0,0,0,0,0,0,0,0,0,0,95,27,44,27,95,0,0,0,0,0,0,0,0,0,0,0,95,27,44,27,95,0,0,0,0,0,0,0,0,0,0,0,0,0,0,0,0,0,50,27,40,27,29,29,0,0,0,0,0,0,0,0,0,0,0,1,1,1,0,0,0,0,0,0,0,0,0,0,0,0,0,0,0,0,0,0,0,0,0,0,0,0,0,0,0,0,0,0,0,0,0,0,0,0,0,0,0,0,0,0,0,0,0,0,
0,0,0,0,0,0,0,0,0,0,0,0,0,0,0,0,0,0,0,0,0,0,0,0,0,0,0,0,0,0,0,0,0,0,0,0,0,0,0,0,0,0,0,0,0,0,0,27,1,27,0,0,0,0,0,0,0,0,0,0,0,0,0,27,1,27,0,0,0,0,0,0,0,0,0,0,0,0,0,0,0,0,0,0,0,29,27,29,0,0,0,0,0,0,0,0,0,0,0,0,0,0,1,0,0,0,0,0,0,0,0,0,0,0,0,0,0,0,0,0,0,0,0,0,0,0,0,0,0,0,0,0,0,0,0,0,0,0,0,0,0,0,0,0,0,0,0,0,0,0,
0,0,0,0,0,0,0,0,0,0,0,0,0,0,0,0,0,0,0,0,0,0,0,0,0,0,0,0,0,0,0,0,0,0,0,0,0,0,0,0,0,0,0,0,0,0,0,0,1,0,0,0,0,0,0,0,0,0,0,0,0,0,0,0,1,0,0,0,0,0,0,0,0,0,0,0,0,0,0,0,0,0,0,0,0,0,0,0,0,0,0,0,0,0,0,0,0,0,0,0,0,0,0,0,0,0,0,0,0,0,0,0,0,0,0,0,0,0,0,0,0,0,0,0,0,0,0,0,0,0,0,0,0,0,0,0,0,0,0,0,0,0,0,0,0,0,0,0,0,0,
0,0,0,0,0,0,0,0,0,0,0,0,0,0,0,0,0,0,0,0,0,0,0,0,0,0,0,0,0,0,0,0,0,0,0,0,0,0,0,0,0,0,0,0,0,0,0,0,0,0,0,0,0,0,0,0,0,0,0,0,0,0,0,0,0,0,0,0,0,0,0,0,0,0,0,0,0,0,0,0,0,0,0,0,0,0,0,0,0,0,0,0,0,0,0,0,0,0,0,0,0,0,0,0,0,0,0,0,0,0,0,0,0,0,0,0,0,0,0,0,0,0,0,0,0,0,0,0,0,0,0,0,0,0,0,0,0,0,0,0,0,0,0,0,0,0,0,0,0,0,
0,0,0,0,0,0,0,0,0,0,0,0,0,0,0,0,0,0,0,0,0,0,0,0,0,0,0,0,0,0,0,0,0,0,0,0,0,0,0,0,0,0,0,0,0,0,0,0,0,0,0,0,0,0,0,0,0,0,0,0,0,0,0,0,0,0,0,0,0,0,0,0,0,0,0,0,0,0,0,0,0,0,0,0,0,0,0,0,0,0,0,0,0,0,0,0,0,0,0,0,0,0,0,0,0,0,0,0,0,0,0,0,0,0,0,0,0,0,0,0,0,0,0,0,0,0,0,0,0,0,0,0,0,0,0,0,0,0,0,0,0,0,0,0,0,0,0,0,0,0,
0,0,0,0,0,0,0,0,0,0,0,0,0,0,0,0,0,0,0,0,0,0,0,0,0,0,0,0,0,0,0,0,0,0,0,0,0,0,0,0,0,0,0,0,0,0,0,0,0,0,0,0,0,0,0,0,0,0,0,0,0,0,0,0,0,0,0,0,0,0,0,0,0,0,0,0,0,0,0,0,0,0,0,0,0,0,0,0,0,0,0,0,0,0,0,0,0,0,0,0,0,0,0,0,0,0,0,0,0,0,0,0,0,0,0,0,0,0,0,0,0,0,0,0,0,0,0,0,0,0,0,0,0,0,0,0,0,0,0,0,0,0,0,0,0,0,0,0,0,0,
0,0,0,0,0,0,0,0,0,0,0,0,0,0,0,0,0,0,0,0,0,0,0,0,0,0,0,0,0,0,0,0,0,0,0,0,0,0,0,0,0,0,0,0,0,0,0,0,0,0,0,0,0,0,0,0,0,0,0,0,0,0,0,0,0,0,0,0,0,0,0,0,0,0,0,0,0,0,0,0,0,0,0,0,0,0,0,0,0,0,0,0,0,0,0,0,0,0,0,0,0,0,0,0,0,0,0,0,0,0,0,0,0,0,0,0,0,0,0,0,0,0,0,0,0,0,0,0,0,0,0,0,0,0,0,0,0,0,0,0,0,0,0,0,0,0,0,0,0,0,
0,0,0,0,0,0,0,0,0,0,0,0,0,0,0,0,0,0,0,0,0,0,0,0,0,0,0,0,0,0,0,0,0,0,0,0,0,0,0,0,0,0,0,0,0,0,0,0,0,0,0,0,0,0,0,0,0,0,0,0,0,0,0,0,0,0,0,0,0,0,0,0,0,0,0,0,0,0,0,0,0,0,0,0,0,0,0,0,0,0,0,0,0,0,0,0,0,0,0,0,0,0,0,0,0,0,0,0,0,0,0,0,0,0,0,0,0,0,0,0,0,0,0,0,0,0,0,0,0,0,0,0,0,0,0,0,0,0,0,0,0,0,0,0,0,0,0,0,0,0,
0,0,0,0,0,0,0,0,0,0,0,0,0,0,0,0,0,0,0,0,0,0,0,0,0,0,0,0,0,0,0,0,0,0,0,0,0,0,0,0,0,0,0,0,0,0,0,0,0,0,0,0,0,0,0,0,0,0,0,0,0,0,0,0,0,0,0,0,0,0,0,0,0,0,0,0,0,0,0,0,0,0,0,0,0,0,0,0,0,0,0,0,0,0,0,0,0,0,0,0,0,0,0,0,0,0,0,0,0,0,0,0,0,0,0,0,0,0,0,0,0,0,0,0,0,0,0,0,0,0,0,0,0,0,0,0,0,0,0,0,0,0,0,0,0,0,0,0,0,0,
0,0,0,0,0,0,0,0,0,0,0,0,0,0,0,0,0,0,0,0,0,0,0,0,0,0,0,0,0,0,0,0,0,0,0,0,0,0,0,0,0,0,0,0,0,0,0,0,0,0,0,0,0,0,0,0,0,0,0,0,0,0,0,0,0,0,0,0,0,0,0,0,0,0,0,0,0,0,0,0,0,0,0,0,0,0,0,0,0,0,0,0,0,0,0,0,0,0,0,0,0,0,0,0,0,0,0,0,0,0,0,0,0,0,0,0,0,0,0,0,0,0,0,0,0,0,0,0,0,0,0,0,0,0,0,0,0,0,0,0,0,0,0,0,0,0,0,0,0,0,
0,0,0,0,0,0,0,0,0,0,0,0,0,0,0,0,0,0,0,0,0,0,0,0,0,0,0,0,0,0,0,0,0,0,0,0,0,0,0,0,0,0,0,0,0,0,0,0,0,0,0,0,0,0,0,0,0,0,0,0,0,0,0,0,0,0,0,0,0,0,0,0,0,0,0,0,0,0,0,0,0,0,0,0,0,0,0,0,0,0,0,0,0,0,0,0,0,0,0,0,0,0,0,0,0,0,0,0,0,0,0,0,0,0,0,0,0,0,0,0,0,0,0,0,0,0,0,0,0,0,0,0,0,0,0,0,0,0,0,0,0,0,0,0,0,0,0,0,0,0,
0,0,0,0,0,0,0,0,0,0,0,0,0,0,0,0,0,0,0,0,0,0,0,0,0,0,0,0,0,0,0,0,0,0,0,0,0,0,0,0,0,0,0,0,0,0,0,0,0,0,0,0,0,0,0,0,0,0,0,0,0,0,0,0,0,0,0,0,0,0,0,0,0,0,0,0,0,0,0,0,0,0,0,0,0,0,0,0,0,0,0,0,0,0,0,0,0,0,0,0,0,0,0,0,0,0,0,0,0,0,0,0,0,0,0,0,0,0,0,0,0,0,0,0,0,0,0,0,0,0,0,0,0,0,0,0,0,0,0,0,0,0,0,0,0,0,0,0,0,0,
0,0,0,0,0,0,0,0,0,0,0,0,0,0,0,0,0,0,0,0,0,0,0,0,0,0,0,0,0,0,0,0,0,0,0,0,0,0,0,0,0,0,0,0,0,0,0,0,0,0,0,0,0,0,0,0,0,0,0,0,0,0,0,0,0,0,0,0,0,0,0,0,0,0,0,0,0,0,0,0,0,0,0,0,0,0,0,0,0,0,0,0,0,0,0,0,0,0,0,0,0,0,0,0,0,0,0,0,0,0,0,0,0,0,0,0,0,0,0,0,0,0,0,0,0,0,0,0,0,0,0,0,0,0,0,0,0,0,0,0,0,0,0,0,0,0,0,0,0,0,
0,0,0,0,0,0,0,0,0,0,0,0,0,0,0,0,0,0,0,0,0,0,0,0,0,0,0,0,0,0,0,0,0,0,0,0,0,0,0,0,0,0,0,0,0,0,0,0,0,0,0,0,0,0,0,0,0,0,0,0,0,0,0,0,0,0,0,0,0,0,0,0,0,0,0,0,0,0,0,0,0,0,0,0,0,0,0,0,0,0,0,0,0,0,0,0,0,0,0,0,0,0,0,0,0,0,0,0,0,0,0,0,0,0,0,0,0,0,0,0,0,0,0,0,0,0,0,0,0,0,0,0,0,0,0,0,0,0,0,0,0,0,0,0,0,0,0,0,0,0,
0,0,0,0,0,0,0,0,0,0,0,0,0,0,0,0,0,0,0,0,0,0,0,0,0,0,0,0,0,0,0,0,0,0,0,0,0,0,0,0,0,0,0,0,0,0,0,0,0,0,0,0,0,0,0,0,0,0,0,0,0,0,0,0,0,0,0,0,0,0,0,0,0,0,0,0,0,0,0,0,0,0,0,0,0,0,0,0,0,0,0,0,0,0,0,0,0,0,0,0,0,0,0,0,0,0,0,0,0,0,0,0,0,0,0,0,0,0,0,0,0,0,0,0,0,0,0,0,0,0,0,0,0,0,0,0,0,0,0,0,0,0,0,0,0,0,0,0,0,0,
0,0,0,0,0,0,0,0,0,0,0,0,0,0,0,0,0,0,0,0,0,0,0,0,0,0,0,0,0,0,0,0,0,0,0,0,0,0,0,0,0,0,0,0,0,0,0,0,0,0,0,0,0,0,0,0,0,0,0,0,0,0,0,0,0,0,0,0,0,0,0,0,0,0,0,0,0,0,0,0,0,0,0,0,0,0,0,0,0,0,0,0,0,0,0,0,0,0,0,0,0,0,0,0,0,0,0,0,0,0,0,0,0,0,0,0,0,0,0,0,0,0,0,0,0,0,0,0,0,0,0,0,0,0,0,0,0,0,0,0,0,0,0,0,0,0,0,0,0,0,
0,0,0,0,0,0,0,0,0,0,0,0,0,0,0,0,0,0,0,0,0,0,0,0,0,0,0,0,0,0,0,0,0,0,0,0,0,0,0,0,0,0,0,0,0,0,0,0,0,0,0,0,0,0,0,0,0,0,0,0,0,0,0,0,0,0,0,0,0,0,0,0,0,0,0,0,0,0,0,0,0,0,0,0,0,0,0,0,0,0,0,0,0,0,0,0,0,0,0,0,0,0,0,0,0,0,0,0,0,0,0,0,0,0,0,0,0,0,0,0,0,0,0,0,0,0,0,0,0,0,0,0,0,0,0,0,0,0,0,0,0,0,0,0,0,0,0,0,0,0,
0,0,0,0,0,0,0,0,0,0,0,0,0,0,0,0,0,0,0,0,0,0,0,0,0,0,0,0,0,0,0,0,0,0,0,0,0,0,0,0,0,0,0,0,0,0,0,0,0,0,0,0,0,0,0,0,0,0,0,0,0,0,0,0,0,0,0,0,0,0,0,0,0,0,0,0,0,0,0,0,0,0,0,0,0,0,0,0,0,0,0,0,0,0,0,0,0,0,0,0,0,0,0,0,0,0,0,0,0,0,0,0,0,0,0,0,0,0,0,0,0,0,0,0,0,0,0,0,0,0,0,0,0,0,0,0,0,0,0,0,0,0,0,0,0,0,0,0,0,0,
0,0,0,0,0,0,0,0,0,0,0,0,0,0,0,0,0,0,0,0,0,0,0,0,0,0,0,0,0,0,0,0,0,0,0,0,0,0,0,0,0,0,0,0,0,0,0,0,0,0,0,0,0,0,0,0,0,0,0,0,0,0,0,0,0,0,0,0,0,0,0,0,0,0,0,0,0,0,0,0,0,0,0,0,0,0,0,0,0,0,0,0,0,0,0,0,0,0,0,0,0,0,0,0,0,0,0,0,0,0,0,0,0,0,0,0,0,0,0,0,0,0,0,0,0,0,0,0,0,0,0,0,0,0,0,0,0,0,0,0,0,0,0,0,0,0,0,0,0,0,
0,0,0,0,0,0,0,0,0,0,0,0,0,0,0,0,0,0,0,0,0,0,0,0,0,0,0,0,0,0,0,0,0,0,0,0,0,0,0,0,0,0,0,0,0,0,0,0,0,0,0,0,0,0,0,0,0,0,0,0,0,0,0,0,0,0,0,0,0,0,0,0,0,0,0,0,0,0,0,0,0,0,0,0,0,0,0,0,0,0,0,0,0,0,0,0,0,0,0,0,0,0,0,0,0,0,0,0,0,0,0,0,0,0,0,0,0,0,0,0,0,0,0,0,0,0,0,0,0,0,0,0,0,0,0,0,0,0,0,0,0,0,0,0,0,0,0,0,0,0,
0,0,0,0,0,0,0,0,0,0,0,0,0,0,0,0,0,0,0,0,0,0,0,0,0,0,0,0,0,0,0,0,0,0,0,0,0,0,0,0,0,0,0,0,0,0,0,0,0,0,0,0,0,0,0,0,0,0,0,0,0,0,0,0,0,0,0,0,0,0,0,0,0,0,0,0,0,0,0,0,0,0,0,0,0,0,0,0,0,0,0,0,0,0,0,0,0,0,0,0,0,0,0,0,0,0,0,0,0,0,0,0,0,0,0,0,0,0,0,0,0,0,0,0,0,0,0,0,0,0,0,0,0,0,0,0,0,0,0,0,0,0,0,0,0,0,0,0,0,0,
0,0,0,0,0,0,0,0,0,0,0,0,0,0,0,0,0,0,0,0,0,0,0,0,0,0,0,0,0,0,0,0,0,0,0,0,0,0,0,0,0,0,0,0,0,0,0,0,0,0,0,0,0,0,0,0,0,0,0,0,0,0,0,0,0,0,0,0,0,0,0,0,0,0,0,0,0,0,0,0,0,0,0,0,0,0,0,0,0,0,0,0,0,0,0,0,0,0,0,0,0,0,0,0,0,0,0,0,0,0,0,0,0,0,0,0,0,0,0,0,0,0,0,0,0,0,0,0,0,0,0,0,0,0,0,0,0,0,0,0,0,0,0,0,0,0,0,0,0,0,
0,0,0,0,0,0,0,0,0,0,0,0,0,0,0,0,0,0,0,0,0,0,0,0,0,0,0,0,0,0,0,0,0,0,0,0,0,0,0,0,0,0,0,0,0,0,0,0,0,0,0,0,0,0,0,0,0,0,0,0,0,0,0,0,0,0,0,0,0,0,0,0,0,0,0,0,0,0,0,0,0,0,0,0,0,0,0,0,0,0,0,0,0,0,0,0,0,0,0,0,0,0,0,0,0,0,0,0,0,0,0,0,0,0,0,0,0,0,0,0,0,0,0,0,0,0,0,0,0,0,0,0,0,0,0,0,0,0,0,0,0,0,0,0,0,0,0,0,0,0,
0,0,0,0,0,0,0,0,0,0,0,0,0,0,0,0,0,0,0,0,0,0,0,0,0,0,0,0,0,0,0,0,0,0,0,0,0,0,0,0,0,0,0,0,0,0,0,0,0,0,0,0,0,0,0,0,0,0,0,0,0,0,0,0,0,0,0,0,0,0,0,0,0,0,0,0,0,0,0,0,0,0,0,0,0,0,0,0,0,0,0,0,0,0,0,0,0,0,0,0,0,0,0,0,0,0,0,0,0,0,0,0,0,0,0,0,0,0,0,0,0,0,0,0,0,0,0,0,0,0,0,0,0,0,0,0,0,0,0,0,0,0,0,0,0,0,0,0,0,0,